25
01
02
03
04
05
06
07
08
09
10
11
12
13
14
15
16
17
18
19
20
21
22
23
24
25
25
( 01 , 10 , 542 )
( 02 , 14 , 489 )
( 03 , 24 , 879 ) 
( 04 , 07 , 658 ) 
( 05 , 02 , 789 )
( 06 , 11 , 651 )
( 07 , 02 , 145 )
( 08 , 03 , 548 )
( 09 , 17 , 687 )
( 10 , 09 , 741 )
( 11 , 04 , 707 )
( 12 , 18 , 980 )
( 13 , 15 , 310 )
( 14 , 09 , 610 )
( 15 , 17 , 986 )
( 16 , 24 , 047 )
( 17 , 21 , 747 )
( 18 , 20 , 961 )
( 19 , 01 , 746 )
( 20 , 08 , 652 )
( 21 , 15 , 125 )
( 22 , 14 , 781 )
( 23 , 10 , 684 )
( 24 , 06 , 792 )
( 25 , 03 , 654 )
