100
001
002
003
004
005
006
007
008
009
010
011
012
013
014
015
016
017
018
019
020
021
022
023
024
025
026
027
028
029
030
031
032
033
034
035
036
037
038
039
040
041
042
043
044
045
046
047
048
049
050
051
052
053
054
055
056
057
058
059
060
061
062
063
064
065
066
067
068
069
070
071
072
073
074
075
076
077
078
079
080
081
082
083
084
085
086
087
088
089
090
091
092
093
094
095
096
097
098
099
100
2446
( 001 , 002 , 512 )
( 001 , 004 , 5727 )
( 001 , 005 , 4854 )
( 001 , 011 , 2211 )
( 001 , 012 , 6473 )
( 001 , 013 , 2144 )
( 001 , 020 , 4074 )
( 001 , 022 , 4805 )
( 001 , 028 , 3588 )
( 001 , 035 , 3769 )
( 001 , 039 , 5123 )
( 001 , 040 , 1564 )
( 001 , 042 , 7803 )
( 001 , 044 , 8229 )
( 001 , 045 , 9305 )
( 001 , 048 , 5089 )
( 001 , 051 , 65 )
( 001 , 052 , 9346 )
( 001 , 057 , 534 )
( 001 , 058 , 5898 )
( 001 , 062 , 3054 )
( 001 , 063 , 466 )
( 001 , 066 , 5439 )
( 001 , 071 , 9915 )
( 001 , 072 , 8585 )
( 001 , 073 , 320 )
( 001 , 074 , 404 )
( 001 , 075 , 3693 )
( 001 , 078 , 7703 )
( 001 , 079 , 5215 )
( 001 , 084 , 611 )
( 001 , 088 , 2470 )
( 001 , 090 , 7296 )
( 001 , 092 , 3564 )
( 001 , 094 , 4622 )
( 001 , 096 , 1378 )
( 001 , 100 , 7210 )
( 002 , 006 , 1366 )
( 002 , 007 , 3879 )
( 002 , 008 , 1977 )
( 002 , 009 , 1868 )
( 002 , 010 , 1075 )
( 002 , 012 , 5927 )
( 002 , 013 , 4204 )
( 002 , 014 , 7903 )
( 002 , 015 , 8672 )
( 002 , 017 , 2873 )
( 002 , 018 , 5997 )
( 002 , 019 , 8802 )
( 002 , 023 , 9457 )
( 002 , 024 , 9394 )
( 002 , 025 , 6364 )
( 002 , 033 , 9566 )
( 002 , 034 , 9651 )
( 002 , 036 , 7563 )
( 002 , 038 , 5856 )
( 002 , 040 , 1854 )
( 002 , 042 , 2579 )
( 002 , 044 , 4255 )
( 002 , 045 , 2615 )
( 002 , 047 , 5331 )
( 002 , 050 , 2092 )
( 002 , 052 , 1585 )
( 002 , 059 , 1270 )
( 002 , 061 , 9917 )
( 002 , 062 , 3648 )
( 002 , 066 , 1008 )
( 002 , 067 , 736 )
( 002 , 070 , 1659 )
( 002 , 072 , 9553 )
( 002 , 073 , 8378 )
( 002 , 075 , 4398 )
( 002 , 077 , 6420 )
( 002 , 078 , 4487 )
( 002 , 082 , 7926 )
( 002 , 084 , 9961 )
( 002 , 085 , 7677 )
( 002 , 088 , 5530 )
( 002 , 090 , 2049 )
( 002 , 091 , 4181 )
( 002 , 095 , 9385 )
( 002 , 096 , 8983 )
( 002 , 098 , 5404 )
( 002 , 100 , 7762 )
( 003 , 004 , 8742 )
( 003 , 005 , 6947 )
( 003 , 009 , 1042 )
( 003 , 010 , 2714 )
( 003 , 011 , 9936 )
( 003 , 013 , 1986 )
( 003 , 014 , 143 )
( 003 , 015 , 4139 )
( 003 , 019 , 8114 )
( 003 , 020 , 3339 )
( 003 , 021 , 8811 )
( 003 , 026 , 1131 )
( 003 , 029 , 3676 )
( 003 , 036 , 7072 )
( 003 , 038 , 5265 )
( 003 , 040 , 4395 )
( 003 , 041 , 7016 )
( 003 , 044 , 2379 )
( 003 , 045 , 2072 )
( 003 , 047 , 2531 )
( 003 , 048 , 7029 )
( 003 , 049 , 9769 )
( 003 , 051 , 7372 )
( 003 , 052 , 670 )
( 003 , 053 , 5304 )
( 003 , 055 , 2376 )
( 003 , 058 , 469 )
( 003 , 062 , 898 )
( 003 , 063 , 5615 )
( 003 , 064 , 3836 )
( 003 , 066 , 9734 )
( 003 , 068 , 6763 )
( 003 , 070 , 4536 )
( 003 , 075 , 6411 )
( 003 , 079 , 1668 )
( 003 , 081 , 3559 )
( 003 , 083 , 8818 )
( 003 , 084 , 4153 )
( 003 , 085 , 8051 )
( 003 , 087 , 4045 )
( 003 , 088 , 7749 )
( 003 , 091 , 4922 )
( 003 , 093 , 3969 )
( 003 , 094 , 4858 )
( 003 , 095 , 9245 )
( 003 , 096 , 7244 )
( 004 , 005 , 8823 )
( 004 , 006 , 1024 )
( 004 , 008 , 5177 )
( 004 , 013 , 7241 )
( 004 , 014 , 213 )
( 004 , 017 , 6159 )
( 004 , 019 , 8993 )
( 004 , 020 , 1709 )
( 004 , 021 , 5474 )
( 004 , 027 , 5744 )
( 004 , 028 , 732 )
( 004 , 029 , 5703 )
( 004 , 031 , 5920 )
( 004 , 032 , 475 )
( 004 , 035 , 6748 )
( 004 , 036 , 9166 )
( 004 , 037 , 9613 )
( 004 , 038 , 3693 )
( 004 , 041 , 6844 )
( 004 , 043 , 5820 )
( 004 , 044 , 1277 )
( 004 , 045 , 5353 )
( 004 , 046 , 1852 )
( 004 , 052 , 3776 )
( 004 , 053 , 2714 )
( 004 , 056 , 2604 )
( 004 , 057 , 4051 )
( 004 , 059 , 7744 )
( 004 , 064 , 206 )
( 004 , 066 , 1484 )
( 004 , 070 , 1566 )
( 004 , 071 , 2970 )
( 004 , 072 , 5599 )
( 004 , 073 , 42 )
( 004 , 074 , 1864 )
( 004 , 080 , 365 )
( 004 , 081 , 2178 )
( 004 , 082 , 8978 )
( 004 , 083 , 4263 )
( 004 , 084 , 8235 )
( 004 , 088 , 7310 )
( 004 , 089 , 6730 )
( 004 , 090 , 5251 )
( 004 , 091 , 5142 )
( 004 , 093 , 1536 )
( 004 , 094 , 7067 )
( 004 , 097 , 8876 )
( 004 , 099 , 9241 )
( 005 , 009 , 7397 )
( 005 , 010 , 6680 )
( 005 , 011 , 5202 )
( 005 , 012 , 8223 )
( 005 , 014 , 4954 )
( 005 , 016 , 1007 )
( 005 , 018 , 6210 )
( 005 , 020 , 9629 )
( 005 , 021 , 4756 )
( 005 , 022 , 377 )
( 005 , 024 , 5970 )
( 005 , 025 , 9382 )
( 005 , 026 , 3464 )
( 005 , 027 , 2853 )
( 005 , 029 , 3409 )
( 005 , 031 , 1633 )
( 005 , 032 , 9997 )
( 005 , 034 , 1634 )
( 005 , 035 , 7881 )
( 005 , 037 , 8653 )
( 005 , 038 , 6137 )
( 005 , 039 , 385 )
( 005 , 043 , 5557 )
( 005 , 044 , 1566 )
( 005 , 045 , 8258 )
( 005 , 047 , 5095 )
( 005 , 049 , 3487 )
( 005 , 051 , 4392 )
( 005 , 052 , 8199 )
( 005 , 056 , 8673 )
( 005 , 057 , 2275 )
( 005 , 061 , 713 )
( 005 , 062 , 2282 )
( 005 , 066 , 4937 )
( 005 , 069 , 3133 )
( 005 , 070 , 8783 )
( 005 , 072 , 4043 )
( 005 , 073 , 7241 )
( 005 , 076 , 3444 )
( 005 , 083 , 6751 )
( 005 , 084 , 6153 )
( 005 , 085 , 8611 )
( 005 , 086 , 8813 )
( 005 , 087 , 1367 )
( 005 , 090 , 9984 )
( 005 , 091 , 5305 )
( 005 , 092 , 8883 )
( 005 , 094 , 2476 )
( 006 , 007 , 2810 )
( 006 , 008 , 1191 )
( 006 , 009 , 7197 )
( 006 , 010 , 3101 )
( 006 , 012 , 9530 )
( 006 , 013 , 7646 )
( 006 , 016 , 7420 )
( 006 , 017 , 8191 )
( 006 , 018 , 7540 )
( 006 , 020 , 4214 )
( 006 , 023 , 3819 )
( 006 , 024 , 4153 )
( 006 , 025 , 2061 )
( 006 , 027 , 9605 )
( 006 , 028 , 9845 )
( 006 , 029 , 3365 )
( 006 , 032 , 174 )
( 006 , 035 , 8714 )
( 006 , 042 , 7461 )
( 006 , 043 , 3199 )
( 006 , 044 , 2757 )
( 006 , 048 , 8926 )
( 006 , 050 , 9190 )
( 006 , 052 , 8907 )
( 006 , 053 , 8330 )
( 006 , 054 , 6405 )
( 006 , 055 , 4651 )
( 006 , 056 , 9422 )
( 006 , 057 , 4179 )
( 006 , 059 , 7426 )
( 006 , 060 , 2040 )
( 006 , 061 , 8299 )
( 006 , 062 , 6343 )
( 006 , 063 , 7958 )
( 006 , 064 , 8719 )
( 006 , 065 , 7231 )
( 006 , 067 , 2773 )
( 006 , 068 , 9778 )
( 006 , 069 , 2713 )
( 006 , 072 , 5169 )
( 006 , 074 , 943 )
( 006 , 076 , 3622 )
( 006 , 080 , 3140 )
( 006 , 082 , 5835 )
( 006 , 083 , 4319 )
( 006 , 085 , 9761 )
( 006 , 088 , 6850 )
( 006 , 089 , 5719 )
( 006 , 090 , 8342 )
( 006 , 091 , 1069 )
( 006 , 092 , 5349 )
( 006 , 098 , 4045 )
( 006 , 099 , 5602 )
( 007 , 008 , 9589 )
( 007 , 012 , 2656 )
( 007 , 014 , 6733 )
( 007 , 016 , 3583 )
( 007 , 018 , 8465 )
( 007 , 024 , 1194 )
( 007 , 025 , 1814 )
( 007 , 027 , 2211 )
( 007 , 028 , 958 )
( 007 , 034 , 5698 )
( 007 , 036 , 1308 )
( 007 , 037 , 49 )
( 007 , 038 , 6189 )
( 007 , 040 , 4654 )
( 007 , 041 , 1224 )
( 007 , 042 , 8044 )
( 007 , 047 , 1719 )
( 007 , 049 , 7388 )
( 007 , 050 , 9739 )
( 007 , 051 , 6325 )
( 007 , 054 , 4344 )
( 007 , 056 , 5652 )
( 007 , 058 , 8510 )
( 007 , 063 , 3509 )
( 007 , 064 , 7100 )
( 007 , 065 , 802 )
( 007 , 066 , 643 )
( 007 , 068 , 2759 )
( 007 , 069 , 8149 )
( 007 , 071 , 3886 )
( 007 , 074 , 8129 )
( 007 , 075 , 2258 )
( 007 , 076 , 4400 )
( 007 , 078 , 9263 )
( 007 , 080 , 1548 )
( 007 , 081 , 6061 )
( 007 , 083 , 9513 )
( 007 , 087 , 6752 )
( 007 , 088 , 5048 )
( 007 , 092 , 7703 )
( 007 , 095 , 2930 )
( 007 , 097 , 7776 )
( 007 , 098 , 3435 )
( 007 , 099 , 8046 )
( 008 , 010 , 7519 )
( 008 , 015 , 1964 )
( 008 , 018 , 3488 )
( 008 , 020 , 7306 )
( 008 , 021 , 5422 )
( 008 , 022 , 1079 )
( 008 , 027 , 4490 )
( 008 , 030 , 8622 )
( 008 , 031 , 1215 )
( 008 , 032 , 648 )
( 008 , 034 , 3165 )
( 008 , 035 , 9984 )
( 008 , 036 , 3459 )
( 008 , 037 , 6550 )
( 008 , 038 , 320 )
( 008 , 047 , 5363 )
( 008 , 048 , 5232 )
( 008 , 050 , 2758 )
( 008 , 054 , 9678 )
( 008 , 055 , 2816 )
( 008 , 056 , 6931 )
( 008 , 058 , 390 )
( 008 , 063 , 4295 )
( 008 , 064 , 9538 )
( 008 , 065 , 431 )
( 008 , 067 , 1174 )
( 008 , 069 , 2758 )
( 008 , 070 , 7445 )
( 008 , 071 , 8029 )
( 008 , 072 , 5843 )
( 008 , 074 , 9839 )
( 008 , 075 , 8053 )
( 008 , 077 , 8730 )
( 008 , 083 , 4203 )
( 008 , 085 , 4113 )
( 008 , 086 , 8332 )
( 008 , 089 , 6734 )
( 008 , 091 , 531 )
( 008 , 098 , 6252 )
( 008 , 100 , 788 )
( 009 , 010 , 5131 )
( 009 , 011 , 366 )
( 009 , 012 , 520 )
( 009 , 013 , 9241 )
( 009 , 014 , 1274 )
( 009 , 018 , 3366 )
( 009 , 020 , 8901 )
( 009 , 023 , 3100 )
( 009 , 024 , 5904 )
( 009 , 026 , 1695 )
( 009 , 029 , 7362 )
( 009 , 031 , 9466 )
( 009 , 034 , 1542 )
( 009 , 035 , 1678 )
( 009 , 036 , 6078 )
( 009 , 037 , 5127 )
( 009 , 038 , 1987 )
( 009 , 039 , 8962 )
( 009 , 041 , 3830 )
( 009 , 044 , 5802 )
( 009 , 046 , 3849 )
( 009 , 047 , 8625 )
( 009 , 048 , 6401 )
( 009 , 049 , 2901 )
( 009 , 051 , 31 )
( 009 , 053 , 2755 )
( 009 , 054 , 9006 )
( 009 , 058 , 7197 )
( 009 , 064 , 2266 )
( 009 , 065 , 6490 )
( 009 , 066 , 2571 )
( 009 , 070 , 171 )
( 009 , 071 , 6755 )
( 009 , 072 , 9594 )
( 009 , 073 , 4598 )
( 009 , 078 , 46 )
( 009 , 080 , 7243 )
( 009 , 081 , 6014 )
( 009 , 082 , 3779 )
( 009 , 088 , 1257 )
( 009 , 090 , 5158 )
( 009 , 092 , 2809 )
( 009 , 095 , 4704 )
( 009 , 096 , 4540 )
( 009 , 097 , 9248 )
( 009 , 099 , 9294 )
( 009 , 100 , 5270 )
( 010 , 011 , 1911 )
( 010 , 019 , 8864 )
( 010 , 020 , 2161 )
( 010 , 021 , 411 )
( 010 , 024 , 5834 )
( 010 , 025 , 8328 )
( 010 , 027 , 9220 )
( 010 , 028 , 4306 )
( 010 , 029 , 1869 )
( 010 , 031 , 3492 )
( 010 , 035 , 7112 )
( 010 , 038 , 7729 )
( 010 , 039 , 415 )
( 010 , 040 , 9472 )
( 010 , 041 , 3394 )
( 010 , 042 , 3714 )
( 010 , 043 , 2278 )
( 010 , 044 , 3998 )
( 010 , 046 , 3218 )
( 010 , 048 , 8121 )
( 010 , 049 , 28 )
( 010 , 051 , 2869 )
( 010 , 053 , 2984 )
( 010 , 054 , 8641 )
( 010 , 055 , 5014 )
( 010 , 056 , 6403 )
( 010 , 060 , 5451 )
( 010 , 061 , 4730 )
( 010 , 062 , 7303 )
( 010 , 064 , 2824 )
( 010 , 067 , 3993 )
( 010 , 068 , 6120 )
( 010 , 069 , 7741 )
( 010 , 072 , 2103 )
( 010 , 073 , 3906 )
( 010 , 074 , 1671 )
( 010 , 075 , 3467 )
( 010 , 076 , 3405 )
( 010 , 080 , 1679 )
( 010 , 082 , 5334 )
( 010 , 083 , 867 )
( 010 , 084 , 4862 )
( 010 , 085 , 6696 )
( 010 , 086 , 2018 )
( 010 , 088 , 9759 )
( 010 , 089 , 5177 )
( 010 , 090 , 4819 )
( 010 , 091 , 4109 )
( 010 , 094 , 5383 )
( 010 , 098 , 3559 )
( 010 , 100 , 9062 )
( 011 , 012 , 6580 )
( 011 , 013 , 1202 )
( 011 , 020 , 2012 )
( 011 , 024 , 842 )
( 011 , 026 , 2758 )
( 011 , 027 , 1287 )
( 011 , 031 , 9557 )
( 011 , 033 , 803 )
( 011 , 035 , 7384 )
( 011 , 036 , 1526 )
( 011 , 040 , 9764 )
( 011 , 041 , 3217 )
( 011 , 043 , 2889 )
( 011 , 045 , 83 )
( 011 , 047 , 2841 )
( 011 , 049 , 3686 )
( 011 , 051 , 5439 )
( 011 , 052 , 6411 )
( 011 , 053 , 5809 )
( 011 , 054 , 9401 )
( 011 , 055 , 4274 )
( 011 , 056 , 1668 )
( 011 , 061 , 7500 )
( 011 , 063 , 389 )
( 011 , 064 , 6098 )
( 011 , 065 , 9199 )
( 011 , 073 , 5111 )
( 011 , 074 , 573 )
( 011 , 081 , 6289 )
( 011 , 083 , 14 )
( 011 , 085 , 1868 )
( 011 , 086 , 7010 )
( 011 , 087 , 3305 )
( 011 , 088 , 4592 )
( 011 , 090 , 9249 )
( 011 , 092 , 9354 )
( 011 , 093 , 1053 )
( 011 , 094 , 6191 )
( 011 , 095 , 1737 )
( 011 , 097 , 8555 )
( 011 , 100 , 5568 )
( 012 , 014 , 5582 )
( 012 , 015 , 6432 )
( 012 , 016 , 5151 )
( 012 , 020 , 3789 )
( 012 , 022 , 3038 )
( 012 , 023 , 3038 )
( 012 , 024 , 9694 )
( 012 , 025 , 6857 )
( 012 , 032 , 4284 )
( 012 , 034 , 7720 )
( 012 , 036 , 2017 )
( 012 , 037 , 7066 )
( 012 , 039 , 6263 )
( 012 , 040 , 209 )
( 012 , 041 , 6904 )
( 012 , 042 , 9442 )
( 012 , 043 , 3080 )
( 012 , 044 , 5993 )
( 012 , 045 , 1395 )
( 012 , 046 , 1944 )
( 012 , 050 , 3177 )
( 012 , 051 , 6739 )
( 012 , 053 , 9798 )
( 012 , 054 , 5044 )
( 012 , 059 , 9598 )
( 012 , 061 , 2854 )
( 012 , 063 , 5505 )
( 012 , 064 , 3243 )
( 012 , 066 , 4638 )
( 012 , 068 , 7332 )
( 012 , 072 , 999 )
( 012 , 073 , 3885 )
( 012 , 077 , 9355 )
( 012 , 079 , 1577 )
( 012 , 081 , 4009 )
( 012 , 084 , 4488 )
( 012 , 086 , 7731 )
( 012 , 090 , 2140 )
( 012 , 091 , 1133 )
( 012 , 092 , 9581 )
( 012 , 093 , 5185 )
( 012 , 098 , 986 )
( 013 , 014 , 3550 )
( 013 , 015 , 318 )
( 013 , 017 , 2165 )
( 013 , 018 , 9204 )
( 013 , 020 , 3288 )
( 013 , 021 , 4496 )
( 013 , 024 , 4416 )
( 013 , 026 , 3997 )
( 013 , 028 , 198 )
( 013 , 029 , 1571 )
( 013 , 030 , 9858 )
( 013 , 031 , 4789 )
( 013 , 033 , 8339 )
( 013 , 034 , 3256 )
( 013 , 035 , 8628 )
( 013 , 037 , 4184 )
( 013 , 039 , 3824 )
( 013 , 040 , 523 )
( 013 , 041 , 7428 )
( 013 , 042 , 2954 )
( 013 , 043 , 686 )
( 013 , 045 , 3046 )
( 013 , 048 , 2670 )
( 013 , 049 , 3526 )
( 013 , 052 , 2150 )
( 013 , 054 , 4402 )
( 013 , 055 , 7845 )
( 013 , 057 , 9137 )
( 013 , 058 , 465 )
( 013 , 060 , 9003 )
( 013 , 061 , 759 )
( 013 , 062 , 5258 )
( 013 , 064 , 9236 )
( 013 , 067 , 5460 )
( 013 , 068 , 199 )
( 013 , 071 , 1802 )
( 013 , 073 , 4226 )
( 013 , 074 , 4640 )
( 013 , 075 , 1551 )
( 013 , 076 , 7561 )
( 013 , 078 , 1769 )
( 013 , 080 , 3404 )
( 013 , 081 , 5411 )
( 013 , 089 , 2631 )
( 013 , 090 , 3017 )
( 013 , 093 , 7031 )
( 013 , 097 , 7470 )
( 013 , 099 , 1383 )
( 013 , 100 , 1437 )
( 014 , 015 , 3233 )
( 014 , 019 , 1572 )
( 014 , 021 , 2175 )
( 014 , 022 , 5819 )
( 014 , 023 , 9841 )
( 014 , 025 , 9210 )
( 014 , 028 , 8765 )
( 014 , 033 , 2438 )
( 014 , 034 , 3689 )
( 014 , 037 , 6086 )
( 014 , 038 , 3398 )
( 014 , 039 , 6078 )
( 014 , 044 , 1927 )
( 014 , 046 , 6729 )
( 014 , 047 , 3110 )
( 014 , 048 , 9438 )
( 014 , 049 , 7228 )
( 014 , 053 , 6985 )
( 014 , 055 , 674 )
( 014 , 059 , 1122 )
( 014 , 062 , 8588 )
( 014 , 064 , 8438 )
( 014 , 067 , 3419 )
( 014 , 068 , 2779 )
( 014 , 069 , 427 )
( 014 , 070 , 9077 )
( 014 , 074 , 3419 )
( 014 , 076 , 1525 )
( 014 , 077 , 2431 )
( 014 , 078 , 7987 )
( 014 , 079 , 7992 )
( 014 , 082 , 194 )
( 014 , 083 , 4852 )
( 014 , 086 , 4014 )
( 014 , 090 , 8830 )
( 014 , 091 , 9718 )
( 014 , 093 , 9827 )
( 014 , 094 , 6249 )
( 014 , 095 , 3984 )
( 014 , 096 , 7393 )
( 014 , 097 , 4644 )
( 014 , 099 , 2636 )
( 015 , 017 , 3532 )
( 015 , 018 , 9032 )
( 015 , 019 , 9923 )
( 015 , 023 , 2027 )
( 015 , 025 , 94 )
( 015 , 026 , 1893 )
( 015 , 027 , 4220 )
( 015 , 029 , 3845 )
( 015 , 030 , 9651 )
( 015 , 031 , 2072 )
( 015 , 032 , 2970 )
( 015 , 033 , 9635 )
( 015 , 034 , 5050 )
( 015 , 037 , 5551 )
( 015 , 038 , 3261 )
( 015 , 039 , 7238 )
( 015 , 041 , 5618 )
( 015 , 042 , 3952 )
( 015 , 044 , 2198 )
( 015 , 045 , 4231 )
( 015 , 047 , 4428 )
( 015 , 051 , 7165 )
( 015 , 052 , 4129 )
( 015 , 053 , 7649 )
( 015 , 054 , 3320 )
( 015 , 056 , 8872 )
( 015 , 058 , 6246 )
( 015 , 065 , 5055 )
( 015 , 068 , 7517 )
( 015 , 070 , 4342 )
( 015 , 073 , 5362 )
( 015 , 074 , 3721 )
( 015 , 078 , 8566 )
( 015 , 080 , 7117 )
( 015 , 083 , 2381 )
( 015 , 084 , 665 )
( 015 , 085 , 4953 )
( 015 , 086 , 8832 )
( 015 , 087 , 8949 )
( 015 , 088 , 8819 )
( 015 , 089 , 891 )
( 015 , 090 , 8825 )
( 015 , 091 , 9105 )
( 015 , 092 , 6404 )
( 015 , 093 , 9055 )
( 015 , 097 , 5608 )
( 016 , 017 , 2422 )
( 016 , 018 , 3819 )
( 016 , 019 , 1073 )
( 016 , 020 , 9927 )
( 016 , 021 , 74 )
( 016 , 024 , 5856 )
( 016 , 026 , 4681 )
( 016 , 029 , 3705 )
( 016 , 034 , 9937 )
( 016 , 035 , 1230 )
( 016 , 041 , 7666 )
( 016 , 042 , 3190 )
( 016 , 043 , 2032 )
( 016 , 046 , 4863 )
( 016 , 047 , 3438 )
( 016 , 048 , 3360 )
( 016 , 050 , 4933 )
( 016 , 052 , 5561 )
( 016 , 062 , 709 )
( 016 , 066 , 7564 )
( 016 , 067 , 8839 )
( 016 , 068 , 3982 )
( 016 , 071 , 6029 )
( 016 , 072 , 4512 )
( 016 , 073 , 61 )
( 016 , 074 , 509 )
( 016 , 075 , 3645 )
( 016 , 076 , 5406 )
( 016 , 080 , 9347 )
( 016 , 081 , 8300 )
( 016 , 091 , 2182 )
( 016 , 096 , 6783 )
( 016 , 097 , 8985 )
( 016 , 098 , 4209 )
( 016 , 099 , 9325 )
( 017 , 019 , 5092 )
( 017 , 021 , 9478 )
( 017 , 026 , 6833 )
( 017 , 027 , 2720 )
( 017 , 028 , 9041 )
( 017 , 029 , 1143 )
( 017 , 031 , 9355 )
( 017 , 032 , 7300 )
( 017 , 033 , 6847 )
( 017 , 035 , 7408 )
( 017 , 038 , 8872 )
( 017 , 042 , 4299 )
( 017 , 046 , 3518 )
( 017 , 047 , 8067 )
( 017 , 051 , 4781 )
( 017 , 054 , 7807 )
( 017 , 055 , 9331 )
( 017 , 056 , 4263 )
( 017 , 058 , 5882 )
( 017 , 060 , 1106 )
( 017 , 066 , 4098 )
( 017 , 067 , 8365 )
( 017 , 068 , 6137 )
( 017 , 069 , 3855 )
( 017 , 071 , 908 )
( 017 , 072 , 5793 )
( 017 , 073 , 7749 )
( 017 , 075 , 7080 )
( 017 , 076 , 3827 )
( 017 , 078 , 6061 )
( 017 , 079 , 7517 )
( 017 , 080 , 4285 )
( 017 , 081 , 9450 )
( 017 , 086 , 5526 )
( 017 , 091 , 908 )
( 017 , 092 , 5082 )
( 017 , 095 , 301 )
( 017 , 098 , 3985 )
( 017 , 100 , 47 )
( 018 , 019 , 856 )
( 018 , 020 , 8329 )
( 018 , 021 , 9369 )
( 018 , 023 , 2882 )
( 018 , 024 , 50 )
( 018 , 025 , 2678 )
( 018 , 027 , 778 )
( 018 , 028 , 331 )
( 018 , 029 , 7353 )
( 018 , 034 , 9152 )
( 018 , 036 , 666 )
( 018 , 037 , 7276 )
( 018 , 039 , 843 )
( 018 , 043 , 1322 )
( 018 , 045 , 7724 )
( 018 , 047 , 2173 )
( 018 , 048 , 1195 )
( 018 , 050 , 7334 )
( 018 , 051 , 994 )
( 018 , 053 , 4679 )
( 018 , 055 , 5977 )
( 018 , 056 , 7210 )
( 018 , 057 , 1818 )
( 018 , 058 , 9754 )
( 018 , 059 , 1311 )
( 018 , 060 , 1930 )
( 018 , 061 , 611 )
( 018 , 070 , 3179 )
( 018 , 074 , 5903 )
( 018 , 076 , 2446 )
( 018 , 077 , 521 )
( 018 , 078 , 8148 )
( 018 , 080 , 7902 )
( 018 , 081 , 9239 )
( 018 , 083 , 7153 )
( 018 , 087 , 9303 )
( 018 , 089 , 8520 )
( 018 , 090 , 6066 )
( 018 , 091 , 3571 )
( 018 , 092 , 8576 )
( 018 , 093 , 6833 )
( 018 , 095 , 9280 )
( 018 , 096 , 8739 )
( 018 , 097 , 2166 )
( 018 , 098 , 6865 )
( 018 , 100 , 2456 )
( 019 , 022 , 7767 )
( 019 , 023 , 6063 )
( 019 , 024 , 6846 )
( 019 , 027 , 4854 )
( 019 , 031 , 4697 )
( 019 , 038 , 3418 )
( 019 , 039 , 7757 )
( 019 , 040 , 139 )
( 019 , 041 , 9091 )
( 019 , 044 , 4223 )
( 019 , 045 , 1116 )
( 019 , 046 , 6515 )
( 019 , 053 , 8954 )
( 019 , 054 , 9998 )
( 019 , 056 , 5233 )
( 019 , 059 , 2055 )
( 019 , 060 , 3316 )
( 019 , 062 , 8912 )
( 019 , 069 , 2564 )
( 019 , 070 , 7301 )
( 019 , 072 , 9153 )
( 019 , 073 , 9809 )
( 019 , 075 , 5212 )
( 019 , 077 , 8149 )
( 019 , 078 , 6159 )
( 019 , 079 , 2925 )
( 019 , 080 , 844 )
( 019 , 081 , 6905 )
( 019 , 083 , 1039 )
( 019 , 084 , 2544 )
( 019 , 086 , 6900 )
( 019 , 088 , 4122 )
( 019 , 092 , 3820 )
( 019 , 097 , 4708 )
( 019 , 098 , 4024 )
( 020 , 021 , 9082 )
( 020 , 022 , 9542 )
( 020 , 027 , 3593 )
( 020 , 029 , 6845 )
( 020 , 030 , 6946 )
( 020 , 033 , 6897 )
( 020 , 036 , 8883 )
( 020 , 039 , 4773 )
( 020 , 040 , 5918 )
( 020 , 041 , 6188 )
( 020 , 042 , 1075 )
( 020 , 047 , 6794 )
( 020 , 050 , 4844 )
( 020 , 052 , 1790 )
( 020 , 054 , 4497 )
( 020 , 055 , 5323 )
( 020 , 056 , 6158 )
( 020 , 058 , 6099 )
( 020 , 065 , 2578 )
( 020 , 066 , 6351 )
( 020 , 067 , 6870 )
( 020 , 068 , 9139 )
( 020 , 074 , 8746 )
( 020 , 076 , 3243 )
( 020 , 078 , 4268 )
( 020 , 080 , 5357 )
( 020 , 081 , 6081 )
( 020 , 082 , 3579 )
( 020 , 087 , 5825 )
( 020 , 088 , 3998 )
( 020 , 090 , 9489 )
( 020 , 092 , 1733 )
( 020 , 093 , 8268 )
( 020 , 095 , 5520 )
( 020 , 098 , 8385 )
( 020 , 099 , 2280 )
( 020 , 100 , 9730 )
( 021 , 023 , 950 )
( 021 , 026 , 5558 )
( 021 , 033 , 1517 )
( 021 , 034 , 6939 )
( 021 , 036 , 1560 )
( 021 , 037 , 3863 )
( 021 , 038 , 3432 )
( 021 , 039 , 6078 )
( 021 , 040 , 1988 )
( 021 , 042 , 1718 )
( 021 , 044 , 9020 )
( 021 , 046 , 9045 )
( 021 , 047 , 9879 )
( 021 , 048 , 1260 )
( 021 , 051 , 3922 )
( 021 , 052 , 9634 )
( 021 , 056 , 1988 )
( 021 , 057 , 2206 )
( 021 , 060 , 9941 )
( 021 , 062 , 2827 )
( 021 , 066 , 38 )
( 021 , 071 , 1175 )
( 021 , 072 , 8768 )
( 021 , 075 , 5205 )
( 021 , 076 , 6908 )
( 021 , 079 , 1397 )
( 021 , 083 , 9665 )
( 021 , 084 , 6052 )
( 021 , 085 , 8604 )
( 021 , 089 , 8103 )
( 021 , 090 , 8078 )
( 021 , 091 , 6164 )
( 021 , 093 , 1284 )
( 021 , 097 , 2939 )
( 021 , 098 , 4574 )
( 022 , 023 , 1223 )
( 022 , 024 , 891 )
( 022 , 027 , 333 )
( 022 , 030 , 67 )
( 022 , 032 , 4523 )
( 022 , 033 , 4698 )
( 022 , 034 , 8386 )
( 022 , 036 , 6022 )
( 022 , 037 , 6839 )
( 022 , 038 , 5155 )
( 022 , 042 , 2511 )
( 022 , 048 , 1561 )
( 022 , 049 , 7399 )
( 022 , 050 , 9578 )
( 022 , 053 , 8342 )
( 022 , 059 , 7488 )
( 022 , 063 , 4255 )
( 022 , 064 , 7565 )
( 022 , 067 , 6047 )
( 022 , 068 , 5265 )
( 022 , 069 , 7779 )
( 022 , 070 , 7956 )
( 022 , 073 , 1701 )
( 022 , 074 , 85 )
( 022 , 076 , 7335 )
( 022 , 085 , 2710 )
( 022 , 086 , 5672 )
( 022 , 087 , 5634 )
( 022 , 088 , 8296 )
( 022 , 091 , 7559 )
( 022 , 092 , 9439 )
( 022 , 096 , 2164 )
( 022 , 098 , 1713 )
( 022 , 099 , 6231 )
( 022 , 100 , 8338 )
( 023 , 025 , 2258 )
( 023 , 026 , 5679 )
( 023 , 030 , 9976 )
( 023 , 031 , 4032 )
( 023 , 032 , 351 )
( 023 , 033 , 6108 )
( 023 , 035 , 5548 )
( 023 , 039 , 7940 )
( 023 , 041 , 9653 )
( 023 , 042 , 264 )
( 023 , 043 , 4074 )
( 023 , 047 , 1054 )
( 023 , 049 , 2342 )
( 023 , 051 , 9265 )
( 023 , 053 , 9616 )
( 023 , 058 , 878 )
( 023 , 060 , 1372 )
( 023 , 061 , 6044 )
( 023 , 062 , 3865 )
( 023 , 064 , 8951 )
( 023 , 065 , 5200 )
( 023 , 066 , 4891 )
( 023 , 067 , 5379 )
( 023 , 069 , 7722 )
( 023 , 070 , 5217 )
( 023 , 071 , 6506 )
( 023 , 074 , 8726 )
( 023 , 075 , 7414 )
( 023 , 076 , 7712 )
( 023 , 077 , 1017 )
( 023 , 078 , 5192 )
( 023 , 079 , 7194 )
( 023 , 081 , 5568 )
( 023 , 082 , 3751 )
( 023 , 086 , 417 )
( 023 , 088 , 8139 )
( 023 , 091 , 6475 )
( 023 , 092 , 787 )
( 023 , 094 , 7621 )
( 023 , 097 , 846 )
( 023 , 099 , 2390 )
( 024 , 026 , 4514 )
( 024 , 027 , 8512 )
( 024 , 029 , 7198 )
( 024 , 031 , 3968 )
( 024 , 032 , 2767 )
( 024 , 035 , 9938 )
( 024 , 037 , 725 )
( 024 , 039 , 4699 )
( 024 , 042 , 3101 )
( 024 , 045 , 9071 )
( 024 , 046 , 9643 )
( 024 , 048 , 4508 )
( 024 , 049 , 2830 )
( 024 , 053 , 7661 )
( 024 , 054 , 486 )
( 024 , 055 , 9054 )
( 024 , 056 , 2824 )
( 024 , 057 , 7502 )
( 024 , 061 , 3983 )
( 024 , 062 , 3274 )
( 024 , 063 , 4798 )
( 024 , 064 , 5509 )
( 024 , 067 , 4799 )
( 024 , 068 , 2 )
( 024 , 072 , 5706 )
( 024 , 074 , 2544 )
( 024 , 080 , 2754 )
( 024 , 081 , 5375 )
( 024 , 084 , 6201 )
( 024 , 085 , 1463 )
( 024 , 088 , 8783 )
( 024 , 089 , 7942 )
( 024 , 092 , 4436 )
( 024 , 094 , 6494 )
( 024 , 095 , 4533 )
( 024 , 098 , 8358 )
( 025 , 028 , 6908 )
( 025 , 029 , 7345 )
( 025 , 033 , 7032 )
( 025 , 037 , 2474 )
( 025 , 038 , 6756 )
( 025 , 039 , 1008 )
( 025 , 042 , 7132 )
( 025 , 043 , 2892 )
( 025 , 045 , 1250 )
( 025 , 046 , 4729 )
( 025 , 048 , 1192 )
( 025 , 049 , 649 )
( 025 , 050 , 5970 )
( 025 , 052 , 7359 )
( 025 , 053 , 9755 )
( 025 , 055 , 1880 )
( 025 , 056 , 2134 )
( 025 , 057 , 5116 )
( 025 , 058 , 7841 )
( 025 , 059 , 3348 )
( 025 , 061 , 6240 )
( 025 , 062 , 594 )
( 025 , 063 , 8355 )
( 025 , 065 , 5844 )
( 025 , 066 , 2670 )
( 025 , 067 , 4108 )
( 025 , 072 , 6123 )
( 025 , 074 , 4356 )
( 025 , 077 , 78 )
( 025 , 079 , 7612 )
( 025 , 080 , 4862 )
( 025 , 082 , 5963 )
( 025 , 083 , 5926 )
( 025 , 085 , 8904 )
( 025 , 088 , 9359 )
( 025 , 089 , 2918 )
( 025 , 090 , 4062 )
( 025 , 092 , 6537 )
( 025 , 093 , 4741 )
( 025 , 094 , 4475 )
( 025 , 095 , 238 )
( 025 , 097 , 3775 )
( 025 , 099 , 8638 )
( 025 , 100 , 871 )
( 026 , 033 , 3963 )
( 026 , 040 , 6289 )
( 026 , 042 , 1030 )
( 026 , 043 , 4862 )
( 026 , 050 , 1210 )
( 026 , 051 , 5022 )
( 026 , 052 , 9970 )
( 026 , 054 , 348 )
( 026 , 055 , 9220 )
( 026 , 056 , 2910 )
( 026 , 057 , 5025 )
( 026 , 059 , 9800 )
( 026 , 063 , 6454 )
( 026 , 065 , 1580 )
( 026 , 067 , 6944 )
( 026 , 071 , 1352 )
( 026 , 072 , 7117 )
( 026 , 073 , 642 )
( 026 , 077 , 8685 )
( 026 , 078 , 6842 )
( 026 , 079 , 4996 )
( 026 , 080 , 9863 )
( 026 , 081 , 1401 )
( 026 , 082 , 5100 )
( 026 , 084 , 3383 )
( 026 , 086 , 3786 )
( 026 , 090 , 7816 )
( 026 , 093 , 205 )
( 026 , 097 , 5962 )
( 026 , 099 , 9156 )
( 027 , 030 , 2728 )
( 027 , 036 , 9233 )
( 027 , 038 , 8317 )
( 027 , 042 , 468 )
( 027 , 044 , 7025 )
( 027 , 045 , 2549 )
( 027 , 048 , 1222 )
( 027 , 050 , 7253 )
( 027 , 053 , 1136 )
( 027 , 057 , 2946 )
( 027 , 059 , 1343 )
( 027 , 061 , 8953 )
( 027 , 063 , 4379 )
( 027 , 066 , 8714 )
( 027 , 068 , 6671 )
( 027 , 069 , 4854 )
( 027 , 070 , 1196 )
( 027 , 072 , 5956 )
( 027 , 075 , 5474 )
( 027 , 078 , 6668 )
( 027 , 079 , 3791 )
( 027 , 081 , 5883 )
( 027 , 082 , 8848 )
( 027 , 084 , 6888 )
( 027 , 088 , 1481 )
( 027 , 091 , 2870 )
( 027 , 094 , 8085 )
( 027 , 099 , 6642 )
( 027 , 100 , 2109 )
( 028 , 030 , 2824 )
( 028 , 034 , 9339 )
( 028 , 037 , 8028 )
( 028 , 038 , 8293 )
( 028 , 039 , 337 )
( 028 , 040 , 8549 )
( 028 , 043 , 3929 )
( 028 , 047 , 4634 )
( 028 , 050 , 9550 )
( 028 , 051 , 8455 )
( 028 , 053 , 1320 )
( 028 , 054 , 8189 )
( 028 , 058 , 5786 )
( 028 , 059 , 2855 )
( 028 , 061 , 8432 )
( 028 , 062 , 9556 )
( 028 , 063 , 3011 )
( 028 , 068 , 1808 )
( 028 , 074 , 3908 )
( 028 , 075 , 3056 )
( 028 , 076 , 3427 )
( 028 , 078 , 7726 )
( 028 , 079 , 8670 )
( 028 , 080 , 3837 )
( 028 , 082 , 2269 )
( 028 , 083 , 3290 )
( 028 , 084 , 2581 )
( 028 , 085 , 3982 )
( 028 , 089 , 597 )
( 028 , 090 , 4844 )
( 028 , 091 , 9062 )
( 028 , 092 , 6040 )
( 028 , 093 , 2341 )
( 028 , 096 , 4051 )
( 028 , 098 , 9074 )
( 028 , 100 , 5744 )
( 029 , 030 , 5849 )
( 029 , 031 , 8920 )
( 029 , 032 , 1544 )
( 029 , 034 , 1299 )
( 029 , 035 , 524 )
( 029 , 036 , 315 )
( 029 , 037 , 4059 )
( 029 , 041 , 2087 )
( 029 , 046 , 7028 )
( 029 , 049 , 7769 )
( 029 , 052 , 6542 )
( 029 , 056 , 8815 )
( 029 , 060 , 1907 )
( 029 , 061 , 5364 )
( 029 , 064 , 9193 )
( 029 , 069 , 5256 )
( 029 , 071 , 740 )
( 029 , 072 , 9853 )
( 029 , 073 , 963 )
( 029 , 074 , 8509 )
( 029 , 075 , 4048 )
( 029 , 079 , 7902 )
( 029 , 081 , 6161 )
( 029 , 084 , 6121 )
( 029 , 089 , 4517 )
( 029 , 091 , 8355 )
( 029 , 093 , 1117 )
( 029 , 099 , 2974 )
( 030 , 031 , 2190 )
( 030 , 033 , 3450 )
( 030 , 034 , 2299 )
( 030 , 036 , 9166 )
( 030 , 037 , 401 )
( 030 , 038 , 6604 )
( 030 , 039 , 6485 )
( 030 , 040 , 4133 )
( 030 , 042 , 7031 )
( 030 , 043 , 9650 )
( 030 , 044 , 8535 )
( 030 , 046 , 5324 )
( 030 , 048 , 1412 )
( 030 , 049 , 2927 )
( 030 , 050 , 8032 )
( 030 , 052 , 6684 )
( 030 , 053 , 6343 )
( 030 , 055 , 3097 )
( 030 , 056 , 1948 )
( 030 , 058 , 5773 )
( 030 , 062 , 6228 )
( 030 , 063 , 6419 )
( 030 , 064 , 2040 )
( 030 , 066 , 2050 )
( 030 , 067 , 7851 )
( 030 , 069 , 3092 )
( 030 , 070 , 1519 )
( 030 , 072 , 4319 )
( 030 , 073 , 3567 )
( 030 , 074 , 4296 )
( 030 , 075 , 4315 )
( 030 , 076 , 4910 )
( 030 , 080 , 7901 )
( 030 , 083 , 5521 )
( 030 , 084 , 2150 )
( 030 , 085 , 5146 )
( 030 , 087 , 5442 )
( 030 , 090 , 82 )
( 030 , 092 , 753 )
( 030 , 093 , 1406 )
( 030 , 097 , 6674 )
( 030 , 098 , 7524 )
( 030 , 099 , 4547 )
( 030 , 100 , 2192 )
( 031 , 032 , 6623 )
( 031 , 033 , 826 )
( 031 , 034 , 1367 )
( 031 , 036 , 2084 )
( 031 , 038 , 648 )
( 031 , 040 , 730 )
( 031 , 045 , 4604 )
( 031 , 046 , 1136 )
( 031 , 047 , 9326 )
( 031 , 048 , 9564 )
( 031 , 049 , 5700 )
( 031 , 050 , 8512 )
( 031 , 051 , 4458 )
( 031 , 052 , 8183 )
( 031 , 053 , 9096 )
( 031 , 054 , 5395 )
( 031 , 055 , 1683 )
( 031 , 056 , 8180 )
( 031 , 058 , 8911 )
( 031 , 059 , 9814 )
( 031 , 060 , 3368 )
( 031 , 061 , 7703 )
( 031 , 067 , 4370 )
( 031 , 079 , 6491 )
( 031 , 081 , 5439 )
( 031 , 085 , 3783 )
( 031 , 087 , 1486 )
( 031 , 088 , 5523 )
( 031 , 095 , 2217 )
( 031 , 096 , 4688 )
( 031 , 097 , 6037 )
( 031 , 099 , 845 )
( 031 , 100 , 6130 )
( 032 , 035 , 5480 )
( 032 , 037 , 7598 )
( 032 , 039 , 5788 )
( 032 , 041 , 6350 )
( 032 , 044 , 9937 )
( 032 , 046 , 4595 )
( 032 , 047 , 6514 )
( 032 , 048 , 8808 )
( 032 , 050 , 8331 )
( 032 , 051 , 2733 )
( 032 , 053 , 6422 )
( 032 , 056 , 5987 )
( 032 , 059 , 8631 )
( 032 , 062 , 7990 )
( 032 , 064 , 2952 )
( 032 , 065 , 3070 )
( 032 , 066 , 6252 )
( 032 , 067 , 3763 )
( 032 , 069 , 9458 )
( 032 , 070 , 4329 )
( 032 , 074 , 6793 )
( 032 , 077 , 7576 )
( 032 , 078 , 900 )
( 032 , 081 , 7567 )
( 032 , 083 , 9287 )
( 032 , 084 , 9835 )
( 032 , 085 , 3976 )
( 032 , 088 , 3551 )
( 032 , 089 , 7164 )
( 032 , 090 , 9640 )
( 032 , 091 , 3405 )
( 032 , 093 , 868 )
( 033 , 034 , 2022 )
( 033 , 035 , 2768 )
( 033 , 036 , 1231 )
( 033 , 037 , 8148 )
( 033 , 039 , 2124 )
( 033 , 043 , 7605 )
( 033 , 044 , 3769 )
( 033 , 045 , 4653 )
( 033 , 046 , 6313 )
( 033 , 050 , 399 )
( 033 , 052 , 5097 )
( 033 , 053 , 439 )
( 033 , 055 , 3207 )
( 033 , 056 , 470 )
( 033 , 062 , 2920 )
( 033 , 068 , 4793 )
( 033 , 070 , 6057 )
( 033 , 073 , 4296 )
( 033 , 075 , 9393 )
( 033 , 078 , 9821 )
( 033 , 079 , 9931 )
( 033 , 083 , 2391 )
( 033 , 086 , 2170 )
( 033 , 087 , 8541 )
( 033 , 089 , 5368 )
( 033 , 091 , 4861 )
( 033 , 092 , 8509 )
( 033 , 094 , 2806 )
( 033 , 095 , 1199 )
( 033 , 096 , 5508 )
( 033 , 097 , 1416 )
( 033 , 098 , 4913 )
( 033 , 100 , 9988 )
( 034 , 035 , 5562 )
( 034 , 036 , 1681 )
( 034 , 039 , 9731 )
( 034 , 042 , 4304 )
( 034 , 043 , 5804 )
( 034 , 046 , 5694 )
( 034 , 049 , 3475 )
( 034 , 050 , 6128 )
( 034 , 051 , 6144 )
( 034 , 054 , 8840 )
( 034 , 055 , 6688 )
( 034 , 058 , 2297 )
( 034 , 059 , 4925 )
( 034 , 060 , 5188 )
( 034 , 061 , 9573 )
( 034 , 063 , 1729 )
( 034 , 065 , 2395 )
( 034 , 067 , 2219 )
( 034 , 069 , 6947 )
( 034 , 070 , 1332 )
( 034 , 071 , 7024 )
( 034 , 072 , 6934 )
( 034 , 076 , 2270 )
( 034 , 077 , 5267 )
( 034 , 078 , 9622 )
( 034 , 080 , 3414 )
( 034 , 083 , 1302 )
( 034 , 085 , 50 )
( 034 , 086 , 9460 )
( 034 , 088 , 2216 )
( 034 , 089 , 276 )
( 034 , 090 , 5011 )
( 034 , 094 , 1136 )
( 034 , 095 , 6135 )
( 034 , 096 , 266 )
( 034 , 097 , 4632 )
( 034 , 098 , 5051 )
( 034 , 099 , 9654 )
( 034 , 100 , 9659 )
( 035 , 036 , 2278 )
( 035 , 040 , 582 )
( 035 , 041 , 433 )
( 035 , 043 , 7061 )
( 035 , 046 , 127 )
( 035 , 047 , 3878 )
( 035 , 048 , 8101 )
( 035 , 049 , 7373 )
( 035 , 050 , 7769 )
( 035 , 058 , 8778 )
( 035 , 061 , 4422 )
( 035 , 065 , 6687 )
( 035 , 066 , 3351 )
( 035 , 067 , 2630 )
( 035 , 068 , 9805 )
( 035 , 069 , 7446 )
( 035 , 070 , 9226 )
( 035 , 073 , 9530 )
( 035 , 074 , 8871 )
( 035 , 075 , 7847 )
( 035 , 076 , 3408 )
( 035 , 078 , 4812 )
( 035 , 079 , 7961 )
( 035 , 081 , 9074 )
( 035 , 083 , 2113 )
( 035 , 084 , 9472 )
( 035 , 085 , 7692 )
( 035 , 086 , 9192 )
( 035 , 088 , 3451 )
( 035 , 092 , 156 )
( 035 , 096 , 3722 )
( 035 , 099 , 2720 )
( 035 , 100 , 2185 )
( 036 , 038 , 1259 )
( 036 , 040 , 9724 )
( 036 , 042 , 9111 )
( 036 , 043 , 4895 )
( 036 , 044 , 2056 )
( 036 , 046 , 8188 )
( 036 , 049 , 8779 )
( 036 , 051 , 6926 )
( 036 , 053 , 4834 )
( 036 , 055 , 7554 )
( 036 , 057 , 5861 )
( 036 , 058 , 6463 )
( 036 , 059 , 6206 )
( 036 , 062 , 5299 )
( 036 , 063 , 341 )
( 036 , 065 , 8338 )
( 036 , 066 , 6520 )
( 036 , 069 , 2092 )
( 036 , 070 , 2909 )
( 036 , 072 , 1704 )
( 036 , 073 , 7341 )
( 036 , 074 , 7759 )
( 036 , 076 , 3620 )
( 036 , 079 , 5485 )
( 036 , 081 , 931 )
( 036 , 083 , 7624 )
( 036 , 084 , 1259 )
( 036 , 085 , 8601 )
( 036 , 088 , 8319 )
( 036 , 089 , 6810 )
( 036 , 090 , 6737 )
( 036 , 093 , 4172 )
( 036 , 095 , 7011 )
( 036 , 097 , 2642 )
( 037 , 038 , 2259 )
( 037 , 039 , 9028 )
( 037 , 040 , 9386 )
( 037 , 041 , 2796 )
( 037 , 044 , 975 )
( 037 , 046 , 8694 )
( 037 , 047 , 2827 )
( 037 , 048 , 4418 )
( 037 , 049 , 8726 )
( 037 , 051 , 9780 )
( 037 , 053 , 4454 )
( 037 , 054 , 1330 )
( 037 , 060 , 211 )
( 037 , 061 , 3779 )
( 037 , 062 , 979 )
( 037 , 064 , 8306 )
( 037 , 068 , 714 )
( 037 , 069 , 4729 )
( 037 , 070 , 3861 )
( 037 , 072 , 9993 )
( 037 , 074 , 800 )
( 037 , 076 , 863 )
( 037 , 077 , 923 )
( 037 , 081 , 6229 )
( 037 , 082 , 5460 )
( 037 , 084 , 1748 )
( 037 , 086 , 9635 )
( 037 , 088 , 349 )
( 037 , 090 , 5879 )
( 037 , 091 , 1003 )
( 037 , 092 , 4208 )
( 037 , 096 , 7679 )
( 037 , 097 , 372 )
( 037 , 098 , 1760 )
( 037 , 099 , 90 )
( 038 , 039 , 1708 )
( 038 , 040 , 759 )
( 038 , 045 , 5139 )
( 038 , 046 , 4111 )
( 038 , 048 , 9990 )
( 038 , 049 , 7797 )
( 038 , 050 , 7564 )
( 038 , 056 , 6819 )
( 038 , 059 , 7590 )
( 038 , 060 , 397 )
( 038 , 061 , 6795 )
( 038 , 062 , 924 )
( 038 , 063 , 134 )
( 038 , 064 , 1979 )
( 038 , 065 , 655 )
( 038 , 066 , 7118 )
( 038 , 067 , 2432 )
( 038 , 068 , 1598 )
( 038 , 070 , 1081 )
( 038 , 072 , 7528 )
( 038 , 073 , 4464 )
( 038 , 076 , 7544 )
( 038 , 078 , 7941 )
( 038 , 083 , 1936 )
( 038 , 084 , 4191 )
( 038 , 085 , 7576 )
( 038 , 086 , 7032 )
( 038 , 088 , 3858 )
( 038 , 090 , 4601 )
( 038 , 093 , 4289 )
( 038 , 094 , 8734 )
( 038 , 095 , 9574 )
( 038 , 096 , 8885 )
( 038 , 097 , 6955 )
( 038 , 098 , 1886 )
( 038 , 099 , 4980 )
( 038 , 100 , 4106 )
( 039 , 040 , 3240 )
( 039 , 041 , 6830 )
( 039 , 042 , 1283 )
( 039 , 046 , 4226 )
( 039 , 048 , 988 )
( 039 , 050 , 1629 )
( 039 , 052 , 2970 )
( 039 , 057 , 5033 )
( 039 , 058 , 9338 )
( 039 , 060 , 3444 )
( 039 , 061 , 9882 )
( 039 , 064 , 5730 )
( 039 , 065 , 1950 )
( 039 , 067 , 2528 )
( 039 , 069 , 3516 )
( 039 , 070 , 9664 )
( 039 , 072 , 1342 )
( 039 , 075 , 6323 )
( 039 , 080 , 7722 )
( 039 , 082 , 7357 )
( 039 , 084 , 3821 )
( 039 , 086 , 4148 )
( 039 , 089 , 1281 )
( 039 , 090 , 1620 )
( 039 , 091 , 254 )
( 039 , 092 , 2648 )
( 039 , 093 , 8978 )
( 039 , 096 , 9791 )
( 039 , 100 , 9641 )
( 040 , 041 , 2424 )
( 040 , 042 , 8931 )
( 040 , 043 , 1851 )
( 040 , 045 , 4085 )
( 040 , 048 , 1799 )
( 040 , 049 , 9675 )
( 040 , 051 , 9929 )
( 040 , 052 , 107 )
( 040 , 054 , 7223 )
( 040 , 055 , 3548 )
( 040 , 056 , 3862 )
( 040 , 057 , 4513 )
( 040 , 058 , 570 )
( 040 , 059 , 1545 )
( 040 , 063 , 475 )
( 040 , 066 , 5966 )
( 040 , 068 , 2275 )
( 040 , 069 , 8002 )
( 040 , 072 , 9841 )
( 040 , 073 , 8149 )
( 040 , 079 , 1296 )
( 040 , 081 , 3735 )
( 040 , 082 , 4520 )
( 040 , 086 , 3926 )
( 040 , 087 , 8364 )
( 040 , 089 , 6595 )
( 040 , 091 , 4598 )
( 040 , 093 , 6360 )
( 040 , 094 , 9770 )
( 040 , 097 , 8910 )
( 041 , 042 , 8128 )
( 041 , 043 , 6031 )
( 041 , 045 , 3841 )
( 041 , 048 , 4309 )
( 041 , 049 , 490 )
( 041 , 051 , 3438 )
( 041 , 054 , 6386 )
( 041 , 057 , 8049 )
( 041 , 059 , 2558 )
( 041 , 060 , 9699 )
( 041 , 061 , 1112 )
( 041 , 062 , 3797 )
( 041 , 063 , 8025 )
( 041 , 065 , 1866 )
( 041 , 067 , 3992 )
( 041 , 069 , 835 )
( 041 , 073 , 5410 )
( 041 , 075 , 3688 )
( 041 , 076 , 4495 )
( 041 , 079 , 4296 )
( 041 , 080 , 5598 )
( 041 , 082 , 7592 )
( 041 , 084 , 1970 )
( 041 , 085 , 632 )
( 041 , 089 , 1473 )
( 041 , 090 , 1368 )
( 041 , 091 , 4828 )
( 041 , 093 , 6590 )
( 041 , 094 , 8849 )
( 041 , 097 , 2016 )
( 042 , 046 , 5138 )
( 042 , 047 , 1628 )
( 042 , 050 , 944 )
( 042 , 051 , 3865 )
( 042 , 052 , 4760 )
( 042 , 054 , 5377 )
( 042 , 058 , 4548 )
( 042 , 059 , 6399 )
( 042 , 062 , 5567 )
( 042 , 063 , 7432 )
( 042 , 064 , 8603 )
( 042 , 066 , 3741 )
( 042 , 068 , 849 )
( 042 , 069 , 7914 )
( 042 , 070 , 2848 )
( 042 , 072 , 3960 )
( 042 , 074 , 9337 )
( 042 , 076 , 2606 )
( 042 , 079 , 8529 )
( 042 , 081 , 3296 )
( 042 , 082 , 300 )
( 042 , 086 , 2234 )
( 042 , 089 , 3495 )
( 042 , 090 , 5802 )
( 042 , 093 , 7616 )
( 042 , 094 , 6766 )
( 042 , 095 , 1061 )
( 042 , 096 , 6449 )
( 042 , 097 , 4906 )
( 042 , 098 , 1095 )
( 042 , 099 , 8293 )
( 043 , 046 , 164 )
( 043 , 047 , 3190 )
( 043 , 048 , 4291 )
( 043 , 050 , 8531 )
( 043 , 052 , 4333 )
( 043 , 053 , 8990 )
( 043 , 055 , 4363 )
( 043 , 058 , 513 )
( 043 , 059 , 1796 )
( 043 , 061 , 2891 )
( 043 , 062 , 5241 )
( 043 , 064 , 6385 )
( 043 , 065 , 8453 )
( 043 , 066 , 7058 )
( 043 , 069 , 7477 )
( 043 , 072 , 1950 )
( 043 , 073 , 4045 )
( 043 , 074 , 1658 )
( 043 , 076 , 2092 )
( 043 , 077 , 4819 )
( 043 , 078 , 8333 )
( 043 , 079 , 5923 )
( 043 , 088 , 1732 )
( 043 , 089 , 7780 )
( 043 , 091 , 5397 )
( 043 , 092 , 8591 )
( 043 , 093 , 5330 )
( 043 , 094 , 269 )
( 043 , 095 , 3749 )
( 043 , 096 , 9080 )
( 044 , 046 , 6195 )
( 044 , 047 , 4198 )
( 044 , 050 , 8027 )
( 044 , 052 , 9760 )
( 044 , 053 , 926 )
( 044 , 054 , 7763 )
( 044 , 059 , 1694 )
( 044 , 061 , 5443 )
( 044 , 062 , 2509 )
( 044 , 063 , 9673 )
( 044 , 064 , 7052 )
( 044 , 067 , 8849 )
( 044 , 071 , 4629 )
( 044 , 073 , 741 )
( 044 , 077 , 1700 )
( 044 , 078 , 4990 )
( 044 , 082 , 7870 )
( 044 , 083 , 2295 )
( 044 , 084 , 6913 )
( 044 , 085 , 3648 )
( 044 , 086 , 6683 )
( 044 , 087 , 3566 )
( 044 , 090 , 4010 )
( 044 , 092 , 656 )
( 044 , 093 , 4593 )
( 044 , 094 , 6172 )
( 044 , 095 , 3813 )
( 044 , 096 , 3129 )
( 044 , 097 , 5948 )
( 044 , 100 , 1792 )
( 045 , 048 , 9937 )
( 045 , 051 , 4320 )
( 045 , 053 , 2556 )
( 045 , 054 , 6693 )
( 045 , 055 , 1626 )
( 045 , 059 , 5105 )
( 045 , 061 , 8918 )
( 045 , 068 , 1816 )
( 045 , 069 , 7811 )
( 045 , 073 , 4539 )
( 045 , 074 , 45 )
( 045 , 075 , 8677 )
( 045 , 076 , 7757 )
( 045 , 078 , 8303 )
( 045 , 079 , 5726 )
( 045 , 081 , 3378 )
( 045 , 082 , 5547 )
( 045 , 083 , 6164 )
( 045 , 087 , 8869 )
( 045 , 088 , 8937 )
( 045 , 091 , 2129 )
( 045 , 092 , 7759 )
( 045 , 094 , 8824 )
( 045 , 095 , 4340 )
( 045 , 096 , 4874 )
( 045 , 099 , 3370 )
( 046 , 048 , 1093 )
( 046 , 051 , 4546 )
( 046 , 056 , 4426 )
( 046 , 057 , 4256 )
( 046 , 059 , 3225 )
( 046 , 062 , 6934 )
( 046 , 063 , 2932 )
( 046 , 064 , 6457 )
( 046 , 068 , 5783 )
( 046 , 069 , 7046 )
( 046 , 072 , 485 )
( 046 , 073 , 5072 )
( 046 , 076 , 9841 )
( 046 , 077 , 4244 )
( 046 , 082 , 2603 )
( 046 , 083 , 7018 )
( 046 , 085 , 6886 )
( 046 , 090 , 125 )
( 046 , 092 , 3353 )
( 046 , 093 , 8520 )
( 046 , 095 , 9944 )
( 046 , 096 , 4498 )
( 046 , 097 , 3017 )
( 047 , 048 , 4805 )
( 047 , 050 , 3761 )
( 047 , 052 , 651 )
( 047 , 054 , 3999 )
( 047 , 056 , 6555 )
( 047 , 057 , 1957 )
( 047 , 059 , 5310 )
( 047 , 061 , 5501 )
( 047 , 062 , 2508 )
( 047 , 065 , 8046 )
( 047 , 067 , 1513 )
( 047 , 068 , 6786 )
( 047 , 070 , 6899 )
( 047 , 071 , 7145 )
( 047 , 072 , 5378 )
( 047 , 073 , 1550 )
( 047 , 076 , 9391 )
( 047 , 079 , 85 )
( 047 , 081 , 5586 )
( 047 , 083 , 4263 )
( 047 , 091 , 8830 )
( 047 , 094 , 7238 )
( 047 , 095 , 4978 )
( 047 , 098 , 1042 )
( 047 , 100 , 5816 )
( 048 , 050 , 5901 )
( 048 , 052 , 1487 )
( 048 , 053 , 6185 )
( 048 , 055 , 6166 )
( 048 , 059 , 5689 )
( 048 , 061 , 5783 )
( 048 , 068 , 3201 )
( 048 , 069 , 6848 )
( 048 , 071 , 8209 )
( 048 , 073 , 5962 )
( 048 , 074 , 4549 )
( 048 , 075 , 7935 )
( 048 , 076 , 4950 )
( 048 , 079 , 8582 )
( 048 , 081 , 8163 )
( 048 , 082 , 7616 )
( 048 , 083 , 5605 )
( 048 , 084 , 876 )
( 048 , 087 , 2209 )
( 048 , 088 , 2662 )
( 048 , 089 , 3092 )
( 048 , 091 , 2506 )
( 048 , 092 , 9477 )
( 048 , 094 , 3764 )
( 048 , 098 , 9574 )
( 048 , 099 , 3943 )
( 048 , 100 , 964 )
( 049 , 050 , 9024 )
( 049 , 051 , 9433 )
( 049 , 054 , 3306 )
( 049 , 055 , 4299 )
( 049 , 058 , 5035 )
( 049 , 059 , 5682 )
( 049 , 060 , 5880 )
( 049 , 063 , 5275 )
( 049 , 066 , 3893 )
( 049 , 067 , 8647 )
( 049 , 068 , 533 )
( 049 , 070 , 5910 )
( 049 , 071 , 1097 )
( 049 , 075 , 3769 )
( 049 , 077 , 2887 )
( 049 , 078 , 8560 )
( 049 , 081 , 7813 )
( 049 , 082 , 3403 )
( 049 , 083 , 613 )
( 049 , 084 , 4429 )
( 049 , 086 , 3554 )
( 049 , 088 , 4088 )
( 049 , 089 , 3215 )
( 049 , 091 , 664 )
( 049 , 092 , 6816 )
( 049 , 095 , 4040 )
( 049 , 098 , 999 )
( 049 , 099 , 3307 )
( 050 , 051 , 4996 )
( 050 , 052 , 802 )
( 050 , 055 , 4772 )
( 050 , 058 , 9239 )
( 050 , 059 , 6356 )
( 050 , 062 , 9470 )
( 050 , 063 , 6322 )
( 050 , 064 , 6411 )
( 050 , 066 , 8850 )
( 050 , 067 , 5897 )
( 050 , 071 , 4415 )
( 050 , 072 , 2864 )
( 050 , 076 , 7287 )
( 050 , 079 , 9174 )
( 050 , 082 , 9442 )
( 050 , 086 , 3476 )
( 050 , 087 , 8017 )
( 050 , 088 , 1258 )
( 050 , 093 , 7116 )
( 050 , 094 , 8252 )
( 050 , 096 , 767 )
( 050 , 098 , 8054 )
( 050 , 099 , 8778 )
( 051 , 053 , 501 )
( 051 , 057 , 8084 )
( 051 , 059 , 6844 )
( 051 , 060 , 139 )
( 051 , 062 , 2282 )
( 051 , 065 , 9031 )
( 051 , 066 , 8234 )
( 051 , 067 , 1861 )
( 051 , 070 , 3407 )
( 051 , 072 , 7682 )
( 051 , 073 , 124 )
( 051 , 074 , 8646 )
( 051 , 075 , 9824 )
( 051 , 076 , 6648 )
( 051 , 078 , 3492 )
( 051 , 082 , 7138 )
( 051 , 083 , 7614 )
( 051 , 085 , 4843 )
( 051 , 086 , 608 )
( 051 , 087 , 706 )
( 051 , 088 , 5405 )
( 051 , 089 , 8895 )
( 051 , 091 , 928 )
( 051 , 092 , 5387 )
( 051 , 093 , 1573 )
( 051 , 094 , 7694 )
( 051 , 097 , 4417 )
( 051 , 100 , 6464 )
( 052 , 053 , 4929 )
( 052 , 054 , 7876 )
( 052 , 056 , 9582 )
( 052 , 057 , 1977 )
( 052 , 058 , 5332 )
( 052 , 059 , 7106 )
( 052 , 060 , 6620 )
( 052 , 062 , 5981 )
( 052 , 066 , 7832 )
( 052 , 067 , 7286 )
( 052 , 069 , 6653 )
( 052 , 070 , 7966 )
( 052 , 072 , 2895 )
( 052 , 074 , 5773 )
( 052 , 075 , 5725 )
( 052 , 076 , 7150 )
( 052 , 078 , 885 )
( 052 , 080 , 3857 )
( 052 , 081 , 9383 )
( 052 , 083 , 3169 )
( 052 , 084 , 9332 )
( 052 , 087 , 7596 )
( 052 , 090 , 5794 )
( 052 , 093 , 2640 )
( 052 , 095 , 7813 )
( 052 , 096 , 3723 )
( 052 , 097 , 7608 )
( 053 , 055 , 862 )
( 053 , 058 , 8742 )
( 053 , 059 , 7322 )
( 053 , 060 , 926 )
( 053 , 062 , 8755 )
( 053 , 066 , 4874 )
( 053 , 069 , 407 )
( 053 , 070 , 5985 )
( 053 , 072 , 3593 )
( 053 , 073 , 8389 )
( 053 , 075 , 7152 )
( 053 , 080 , 806 )
( 053 , 081 , 1751 )
( 053 , 085 , 2464 )
( 053 , 086 , 1389 )
( 053 , 090 , 2561 )
( 053 , 093 , 8222 )
( 053 , 094 , 8491 )
( 053 , 096 , 1868 )
( 053 , 098 , 6107 )
( 053 , 099 , 889 )
( 053 , 100 , 927 )
( 054 , 055 , 590 )
( 054 , 056 , 9781 )
( 054 , 058 , 2973 )
( 054 , 059 , 4120 )
( 054 , 062 , 8047 )
( 054 , 063 , 1204 )
( 054 , 065 , 9751 )
( 054 , 067 , 4594 )
( 054 , 069 , 6463 )
( 054 , 070 , 3613 )
( 054 , 071 , 66 )
( 054 , 074 , 8903 )
( 054 , 075 , 3671 )
( 054 , 076 , 7339 )
( 054 , 078 , 6589 )
( 054 , 079 , 2371 )
( 054 , 080 , 7259 )
( 054 , 082 , 8464 )
( 054 , 083 , 8291 )
( 054 , 085 , 7843 )
( 054 , 090 , 8991 )
( 054 , 092 , 9846 )
( 054 , 093 , 8859 )
( 054 , 096 , 3785 )
( 055 , 057 , 4417 )
( 055 , 058 , 937 )
( 055 , 059 , 423 )
( 055 , 060 , 1041 )
( 055 , 065 , 615 )
( 055 , 066 , 9923 )
( 055 , 067 , 6083 )
( 055 , 069 , 9648 )
( 055 , 070 , 906 )
( 055 , 072 , 1044 )
( 055 , 073 , 1615 )
( 055 , 074 , 5975 )
( 055 , 076 , 393 )
( 055 , 078 , 3143 )
( 055 , 079 , 493 )
( 055 , 080 , 38 )
( 055 , 081 , 5773 )
( 055 , 083 , 6388 )
( 055 , 085 , 2347 )
( 055 , 091 , 5224 )
( 055 , 092 , 6454 )
( 055 , 094 , 5645 )
( 055 , 097 , 3169 )
( 055 , 099 , 2664 )
( 056 , 058 , 1032 )
( 056 , 059 , 5326 )
( 056 , 065 , 9109 )
( 056 , 066 , 4918 )
( 056 , 068 , 6680 )
( 056 , 069 , 6551 )
( 056 , 070 , 2592 )
( 056 , 071 , 5132 )
( 056 , 072 , 5581 )
( 056 , 073 , 8538 )
( 056 , 082 , 4183 )
( 056 , 083 , 501 )
( 056 , 086 , 6945 )
( 056 , 087 , 2185 )
( 056 , 089 , 5218 )
( 056 , 090 , 4958 )
( 056 , 091 , 5896 )
( 056 , 092 , 9837 )
( 056 , 093 , 8448 )
( 056 , 096 , 5863 )
( 056 , 097 , 5199 )
( 056 , 099 , 7808 )
( 057 , 058 , 1991 )
( 057 , 060 , 9827 )
( 057 , 061 , 7374 )
( 057 , 063 , 5912 )
( 057 , 064 , 4661 )
( 057 , 065 , 3941 )
( 057 , 072 , 8698 )
( 057 , 074 , 913 )
( 057 , 079 , 1193 )
( 057 , 080 , 7667 )
( 057 , 082 , 7495 )
( 057 , 083 , 6988 )
( 057 , 087 , 4186 )
( 057 , 091 , 4093 )
( 057 , 093 , 604 )
( 057 , 096 , 8951 )
( 057 , 098 , 467 )
( 057 , 099 , 2256 )
( 058 , 060 , 3811 )
( 058 , 061 , 1377 )
( 058 , 065 , 8318 )
( 058 , 066 , 2239 )
( 058 , 068 , 142 )
( 058 , 069 , 4218 )
( 058 , 072 , 1192 )
( 058 , 074 , 4464 )
( 058 , 075 , 2661 )
( 058 , 077 , 2027 )
( 058 , 079 , 2587 )
( 058 , 081 , 1759 )
( 058 , 082 , 5787 )
( 058 , 085 , 1575 )
( 058 , 086 , 9009 )
( 058 , 087 , 8902 )
( 058 , 089 , 3120 )
( 058 , 090 , 9214 )
( 058 , 091 , 931 )
( 058 , 093 , 5395 )
( 058 , 094 , 3048 )
( 058 , 095 , 4796 )
( 058 , 098 , 4015 )
( 059 , 060 , 7044 )
( 059 , 063 , 9801 )
( 059 , 066 , 7390 )
( 059 , 069 , 3253 )
( 059 , 070 , 1456 )
( 059 , 072 , 6722 )
( 059 , 073 , 379 )
( 059 , 074 , 4973 )
( 059 , 075 , 4492 )
( 059 , 077 , 3607 )
( 059 , 080 , 8895 )
( 059 , 081 , 236 )
( 059 , 083 , 6389 )
( 059 , 084 , 16 )
( 059 , 089 , 9753 )
( 059 , 091 , 1290 )
( 059 , 092 , 5402 )
( 059 , 094 , 5098 )
( 059 , 095 , 6930 )
( 059 , 096 , 7293 )
( 059 , 098 , 4061 )
( 059 , 099 , 6754 )
( 059 , 100 , 9739 )
( 060 , 062 , 4877 )
( 060 , 068 , 3501 )
( 060 , 071 , 5710 )
( 060 , 072 , 1027 )
( 060 , 073 , 2004 )
( 060 , 074 , 2562 )
( 060 , 075 , 8648 )
( 060 , 076 , 189 )
( 060 , 077 , 4406 )
( 060 , 078 , 6148 )
( 060 , 079 , 9912 )
( 060 , 080 , 4502 )
( 060 , 081 , 7116 )
( 060 , 082 , 4679 )
( 060 , 083 , 1869 )
( 060 , 084 , 9754 )
( 060 , 085 , 7869 )
( 060 , 087 , 9931 )
( 060 , 089 , 1043 )
( 060 , 092 , 3648 )
( 060 , 093 , 4814 )
( 060 , 095 , 5572 )
( 060 , 096 , 3903 )
( 060 , 097 , 704 )
( 060 , 098 , 7587 )
( 061 , 062 , 5236 )
( 061 , 063 , 43 )
( 061 , 064 , 7726 )
( 061 , 066 , 1331 )
( 061 , 068 , 78 )
( 061 , 069 , 7624 )
( 061 , 073 , 1969 )
( 061 , 074 , 1019 )
( 061 , 075 , 672 )
( 061 , 077 , 3757 )
( 061 , 078 , 6123 )
( 061 , 082 , 8310 )
( 061 , 085 , 1431 )
( 061 , 086 , 7386 )
( 061 , 089 , 5545 )
( 061 , 092 , 2158 )
( 061 , 093 , 3557 )
( 061 , 094 , 6976 )
( 061 , 095 , 204 )
( 061 , 098 , 1405 )
( 062 , 067 , 9394 )
( 062 , 068 , 82 )
( 062 , 070 , 7468 )
( 062 , 072 , 1435 )
( 062 , 073 , 6229 )
( 062 , 076 , 4903 )
( 062 , 077 , 5218 )
( 062 , 078 , 5401 )
( 062 , 081 , 5608 )
( 062 , 083 , 1916 )
( 062 , 084 , 4433 )
( 062 , 085 , 5005 )
( 062 , 086 , 3352 )
( 062 , 090 , 7680 )
( 062 , 091 , 2197 )
( 062 , 092 , 5010 )
( 062 , 093 , 2142 )
( 062 , 094 , 5869 )
( 062 , 098 , 5801 )
( 063 , 065 , 1143 )
( 063 , 068 , 831 )
( 063 , 069 , 8886 )
( 063 , 075 , 8854 )
( 063 , 077 , 7970 )
( 063 , 078 , 3499 )
( 063 , 081 , 6214 )
( 063 , 082 , 6808 )
( 063 , 085 , 1702 )
( 063 , 086 , 4493 )
( 063 , 088 , 4879 )
( 063 , 089 , 8765 )
( 063 , 090 , 1964 )
( 063 , 092 , 6740 )
( 063 , 093 , 1497 )
( 063 , 095 , 2896 )
( 063 , 096 , 6780 )
( 063 , 098 , 3244 )
( 063 , 099 , 1206 )
( 063 , 100 , 7081 )
( 064 , 067 , 4036 )
( 064 , 069 , 8529 )
( 064 , 071 , 9761 )
( 064 , 073 , 5336 )
( 064 , 076 , 9039 )
( 064 , 078 , 8656 )
( 064 , 083 , 6127 )
( 064 , 084 , 9356 )
( 064 , 085 , 3587 )
( 064 , 090 , 5299 )
( 064 , 091 , 3321 )
( 064 , 092 , 2406 )
( 064 , 095 , 1123 )
( 064 , 096 , 651 )
( 064 , 097 , 7877 )
( 064 , 098 , 8892 )
( 064 , 100 , 4597 )
( 065 , 066 , 5525 )
( 065 , 067 , 6007 )
( 065 , 069 , 9692 )
( 065 , 073 , 5567 )
( 065 , 074 , 8484 )
( 065 , 075 , 2209 )
( 065 , 086 , 7742 )
( 065 , 087 , 4548 )
( 065 , 090 , 4650 )
( 065 , 093 , 9110 )
( 065 , 096 , 2506 )
( 065 , 097 , 2094 )
( 065 , 099 , 4303 )
( 066 , 067 , 2299 )
( 066 , 068 , 7830 )
( 066 , 069 , 8727 )
( 066 , 075 , 3543 )
( 066 , 080 , 9697 )
( 066 , 083 , 204 )
( 066 , 085 , 9250 )
( 066 , 086 , 7922 )
( 066 , 087 , 4445 )
( 066 , 093 , 3695 )
( 066 , 094 , 4784 )
( 066 , 097 , 5972 )
( 066 , 099 , 2286 )
( 067 , 069 , 6586 )
( 067 , 072 , 8594 )
( 067 , 075 , 1994 )
( 067 , 079 , 1081 )
( 067 , 080 , 8083 )
( 067 , 085 , 1198 )
( 067 , 087 , 3522 )
( 067 , 088 , 1943 )
( 067 , 091 , 7475 )
( 067 , 092 , 5645 )
( 067 , 095 , 5836 )
( 067 , 096 , 4788 )
( 067 , 099 , 3327 )
( 067 , 100 , 1247 )
( 068 , 069 , 1624 )
( 068 , 070 , 9620 )
( 068 , 071 , 7560 )
( 068 , 072 , 953 )
( 068 , 076 , 3791 )
( 068 , 077 , 9993 )
( 068 , 078 , 4112 )
( 068 , 079 , 3043 )
( 068 , 084 , 4774 )
( 068 , 088 , 9652 )
( 068 , 089 , 3362 )
( 068 , 091 , 2983 )
( 068 , 092 , 5018 )
( 068 , 093 , 8335 )
( 068 , 096 , 1468 )
( 068 , 097 , 2151 )
( 069 , 070 , 6576 )
( 069 , 071 , 2647 )
( 069 , 075 , 8167 )
( 069 , 080 , 2028 )
( 069 , 081 , 8980 )
( 069 , 083 , 3999 )
( 069 , 085 , 8949 )
( 069 , 090 , 8230 )
( 069 , 091 , 430 )
( 069 , 093 , 7493 )
( 069 , 097 , 7403 )
( 069 , 098 , 6935 )
( 069 , 100 , 89 )
( 070 , 073 , 3240 )
( 070 , 074 , 6332 )
( 070 , 078 , 186 )
( 070 , 079 , 5661 )
( 070 , 080 , 2661 )
( 070 , 083 , 9991 )
( 070 , 085 , 8738 )
( 070 , 088 , 1016 )
( 070 , 091 , 1870 )
( 070 , 092 , 1661 )
( 070 , 094 , 1253 )
( 070 , 098 , 1936 )
( 070 , 099 , 4921 )
( 070 , 100 , 9397 )
( 071 , 074 , 8898 )
( 071 , 076 , 9149 )
( 071 , 078 , 2763 )
( 071 , 081 , 6855 )
( 071 , 082 , 237 )
( 071 , 084 , 8250 )
( 071 , 085 , 2432 )
( 071 , 086 , 8460 )
( 071 , 087 , 4347 )
( 071 , 088 , 3472 )
( 071 , 089 , 4469 )
( 071 , 090 , 3832 )
( 071 , 093 , 1517 )
( 071 , 096 , 6173 )
( 071 , 097 , 9782 )
( 071 , 098 , 1070 )
( 071 , 099 , 2391 )
( 071 , 100 , 6502 )
( 072 , 073 , 8491 )
( 072 , 075 , 923 )
( 072 , 076 , 1989 )
( 072 , 080 , 9389 )
( 072 , 082 , 9573 )
( 072 , 084 , 3046 )
( 072 , 087 , 810 )
( 072 , 088 , 3975 )
( 072 , 090 , 1398 )
( 072 , 096 , 7169 )
( 072 , 098 , 7776 )
( 072 , 099 , 4807 )
( 072 , 100 , 3916 )
( 073 , 074 , 8472 )
( 073 , 075 , 2335 )
( 073 , 076 , 4901 )
( 073 , 080 , 3594 )
( 073 , 082 , 7569 )
( 073 , 083 , 5630 )
( 073 , 085 , 8671 )
( 073 , 086 , 1130 )
( 073 , 087 , 619 )
( 073 , 091 , 9247 )
( 073 , 094 , 7569 )
( 073 , 096 , 9904 )
( 073 , 097 , 691 )
( 073 , 099 , 2088 )
( 073 , 100 , 5419 )
( 074 , 075 , 144 )
( 074 , 076 , 6150 )
( 074 , 077 , 4660 )
( 074 , 078 , 797 )
( 074 , 080 , 9978 )
( 074 , 081 , 6997 )
( 074 , 082 , 3794 )
( 074 , 086 , 8312 )
( 074 , 088 , 4102 )
( 074 , 089 , 1651 )
( 074 , 091 , 3476 )
( 074 , 092 , 444 )
( 074 , 093 , 233 )
( 074 , 094 , 4587 )
( 075 , 076 , 9841 )
( 075 , 082 , 1052 )
( 075 , 092 , 4038 )
( 075 , 094 , 623 )
( 075 , 095 , 8589 )
( 075 , 100 , 9996 )
( 076 , 083 , 2710 )
( 076 , 087 , 5015 )
( 076 , 089 , 294 )
( 076 , 090 , 971 )
( 076 , 092 , 390 )
( 076 , 093 , 5276 )
( 076 , 095 , 8635 )
( 076 , 098 , 7467 )
( 077 , 079 , 4566 )
( 077 , 081 , 5947 )
( 077 , 082 , 2095 )
( 077 , 083 , 1744 )
( 077 , 084 , 2349 )
( 077 , 086 , 2643 )
( 077 , 087 , 1476 )
( 077 , 088 , 3177 )
( 077 , 089 , 7447 )
( 077 , 090 , 4969 )
( 077 , 091 , 7088 )
( 077 , 096 , 4346 )
( 077 , 100 , 1647 )
( 078 , 079 , 8627 )
( 078 , 087 , 6803 )
( 078 , 088 , 640 )
( 078 , 089 , 8802 )
( 078 , 090 , 4786 )
( 078 , 092 , 8226 )
( 078 , 096 , 9060 )
( 078 , 097 , 8150 )
( 078 , 100 , 1076 )
( 079 , 080 , 2870 )
( 079 , 081 , 6037 )
( 079 , 084 , 4226 )
( 079 , 085 , 2232 )
( 079 , 086 , 6761 )
( 079 , 091 , 9335 )
( 079 , 093 , 6605 )
( 079 , 096 , 5513 )
( 079 , 097 , 9341 )
( 079 , 098 , 4335 )
( 079 , 100 , 5473 )
( 080 , 082 , 7862 )
( 080 , 085 , 9330 )
( 080 , 088 , 2606 )
( 080 , 089 , 6777 )
( 080 , 090 , 1676 )
( 080 , 091 , 3857 )
( 080 , 093 , 462 )
( 080 , 094 , 4454 )
( 080 , 095 , 3537 )
( 080 , 096 , 7347 )
( 080 , 098 , 7283 )
( 081 , 084 , 1545 )
( 081 , 085 , 3089 )
( 081 , 086 , 8960 )
( 081 , 087 , 3939 )
( 081 , 089 , 7068 )
( 081 , 091 , 8698 )
( 081 , 094 , 408 )
( 081 , 095 , 4212 )
( 081 , 096 , 4700 )
( 081 , 100 , 5749 )
( 082 , 083 , 1297 )
( 082 , 084 , 2888 )
( 082 , 085 , 6440 )
( 082 , 086 , 3624 )
( 082 , 091 , 1744 )
( 082 , 093 , 9662 )
( 082 , 100 , 441 )
( 083 , 084 , 3123 )
( 083 , 087 , 4655 )
( 083 , 088 , 7045 )
( 083 , 089 , 5932 )
( 083 , 090 , 9638 )
( 083 , 093 , 9603 )
( 083 , 095 , 8837 )
( 083 , 096 , 995 )
( 083 , 099 , 3073 )
( 083 , 100 , 2907 )
( 084 , 086 , 2954 )
( 084 , 088 , 2429 )
( 084 , 089 , 4316 )
( 084 , 091 , 7360 )
( 084 , 092 , 2301 )
( 084 , 093 , 5508 )
( 084 , 096 , 4301 )
( 084 , 097 , 8828 )
( 084 , 100 , 8912 )
( 085 , 086 , 6208 )
( 085 , 087 , 3605 )
( 085 , 088 , 8891 )
( 085 , 091 , 599 )
( 085 , 094 , 2308 )
( 085 , 097 , 3084 )
( 085 , 098 , 9314 )
( 086 , 087 , 4361 )
( 086 , 088 , 1135 )
( 086 , 090 , 3861 )
( 086 , 092 , 4393 )
( 086 , 095 , 24 )
( 086 , 099 , 8 )
( 087 , 089 , 1254 )
( 087 , 092 , 4983 )
( 087 , 095 , 5811 )
( 088 , 094 , 5774 )
( 088 , 097 , 2393 )
( 088 , 098 , 5341 )
( 088 , 099 , 771 )
( 088 , 100 , 160 )
( 089 , 090 , 4925 )
( 089 , 094 , 2243 )
( 089 , 097 , 6829 )
( 089 , 098 , 6459 )
( 089 , 099 , 3735 )
( 089 , 100 , 9422 )
( 090 , 092 , 6622 )
( 090 , 093 , 6911 )
( 090 , 095 , 9304 )
( 090 , 096 , 697 )
( 090 , 097 , 5499 )
( 091 , 092 , 288 )
( 091 , 093 , 7614 )
( 091 , 097 , 6909 )
( 091 , 098 , 3476 )
( 092 , 093 , 7717 )
( 092 , 094 , 5806 )
( 092 , 099 , 5531 )
( 093 , 094 , 2581 )
( 093 , 095 , 466 )
( 093 , 099 , 3478 )
( 093 , 100 , 4330 )
( 094 , 096 , 4484 )
( 094 , 097 , 1614 )
( 094 , 098 , 7348 )
( 094 , 099 , 4519 )
( 094 , 100 , 9052 )
( 095 , 096 , 3070 )
( 095 , 097 , 7032 )
( 095 , 099 , 3623 )
( 096 , 097 , 4941 )
( 096 , 099 , 1759 )
( 096 , 100 , 3384 )
( 097 , 098 , 9787 )
( 098 , 099 , 3766 )
( 098 , 100 , 4954 )
( 099 , 100 , 1704 )
