50
01
02
03
04
05
06
07
08
09
10
11
12
13
14
15
16
17
18
19
20
21
22
23
24
25
26
27
28
29
30
31
32
33
34
35
36
37
38
39
40
41
42
43
44
45
46
47
48
49
50
630 
( 01 , 03 , 7413 )
( 01 , 04 , 4978 )
( 01 , 06 , 4336 )
( 01 , 17 , 334 )
( 01 , 18 , 6459 )
( 01 , 20 , 1423 )
( 01 , 21 , 8539 )
( 01 , 22 , 1799 )
( 01 , 23 , 845 )
( 01 , 24 , 2577 )
( 01 , 27 , 3139 )
( 01 , 30 , 1184 )
( 01 , 32 , 3692 )
( 01 , 33 , 9202 )
( 01 , 34 , 7851 )
( 01 , 35 , 1951 )
( 01 , 36 , 2213 )
( 01 , 38 , 3260 )
( 01 , 40 , 1800 )
( 01 , 42 , 2385 )
( 01 , 43 , 9314 )
( 01 , 46 , 5223 )
( 01 , 48 , 3467 )
( 01 , 49 , 2204 )
( 01 , 50 , 3343 )
( 02 , 06 , 4541 )
( 02 , 08 , 2727 )
( 02 , 09 , 9647 )
( 02 , 18 , 8932 )
( 02 , 21 , 8592 )
( 02 , 23 , 8412 )
( 02 , 27 , 6515 )
( 02 , 28 , 6892 )
( 02 , 29 , 2308 )
( 02 , 30 , 7037 )
( 02 , 31 , 8488 )
( 02 , 32 , 2234 )
( 02 , 34 , 1566 )
( 02 , 35 , 5364 )
( 02 , 37 , 4306 )
( 02 , 38 , 8746 )
( 02 , 39 , 7510 )
( 02 , 41 , 5924 )
( 02 , 42 , 2920 )
( 02 , 44 , 4562 )
( 02 , 48 , 9607 )
( 02 , 50 , 994 )
( 03 , 04 , 7988 )
( 03 , 06 , 9563 )
( 03 , 07 , 2557 )
( 03 , 08 , 5979 )
( 03 , 09 , 1937 )
( 03 , 10 , 3032 )
( 03 , 14 , 5883 )
( 03 , 15 , 8843 )
( 03 , 17 , 3405 )
( 03 , 24 , 5312 )
( 03 , 27 , 4069 )
( 03 , 34 , 4468 )
( 03 , 42 , 2737 )
( 03 , 45 , 7967 )
( 03 , 47 , 2285 )
( 03 , 48 , 9974 )
( 03 , 49 , 9298 )
( 04 , 05 , 9719 )
( 04 , 06 , 8531 )
( 04 , 07 , 5752 )
( 04 , 09 , 1224 )
( 04 , 11 , 1646 )
( 04 , 13 , 7991 )
( 04 , 16 , 1549 )
( 04 , 18 , 2475 )
( 04 , 21 , 3799 )
( 04 , 22 , 6775 )
( 04 , 25 , 3888 )
( 04 , 26 , 8011 )
( 04 , 28 , 3764 )
( 04 , 29 , 6778 )
( 04 , 30 , 7044 )
( 04 , 31 , 2987 )
( 04 , 32 , 6075 )
( 04 , 33 , 1654 )
( 04 , 34 , 4158 )
( 04 , 35 , 856 )
( 04 , 36 , 2030 )
( 04 , 37 , 9270 )
( 04 , 38 , 6169 )
( 04 , 39 , 1958 )
( 04 , 41 , 7751 )
( 04 , 42 , 2886 )
( 04 , 46 , 5901 )
( 04 , 47 , 7219 )
( 05 , 06 , 5002 )
( 05 , 07 , 145 )
( 05 , 09 , 9700 )
( 05 , 10 , 330 )
( 05 , 17 , 1978 )
( 05 , 19 , 9785 )
( 05 , 20 , 8738 )
( 05 , 21 , 1679 )
( 05 , 22 , 2265 )
( 05 , 23 , 8188 )
( 05 , 25 , 8395 )
( 05 , 27 , 9580 )
( 05 , 28 , 7104 )
( 05 , 31 , 7957 )
( 05 , 36 , 7879 )
( 05 , 38 , 6969 )
( 05 , 39 , 4688 )
( 05 , 41 , 1052 )
( 05 , 43 , 3318 )
( 05 , 45 , 4881 )
( 05 , 46 , 2089 )
( 05 , 47 , 9722 )
( 06 , 09 , 9957 )
( 06 , 10 , 4668 )
( 06 , 12 , 3945 )
( 06 , 14 , 5199 )
( 06 , 16 , 6239 )
( 06 , 18 , 3644 )
( 06 , 21 , 6130 )
( 06 , 23 , 1059 )
( 06 , 24 , 6778 )
( 06 , 27 , 3961 )
( 06 , 29 , 116 )
( 06 , 31 , 1136 )
( 06 , 33 , 5081 )
( 06 , 34 , 4160 )
( 06 , 35 , 6672 )
( 06 , 37 , 685 )
( 06 , 38 , 2868 )
( 06 , 42 , 8759 )
( 06 , 46 , 2352 )
( 07 , 09 , 9076 )
( 07 , 10 , 3918 )
( 07 , 13 , 4189 )
( 07 , 14 , 1984 )
( 07 , 15 , 2860 )
( 07 , 16 , 4250 )
( 07 , 21 , 3734 )
( 07 , 24 , 298 )
( 07 , 25 , 7657 )
( 07 , 26 , 4271 )
( 07 , 28 , 7939 )
( 07 , 29 , 7618 )
( 07 , 32 , 3226 )
( 07 , 34 , 4443 )
( 07 , 35 , 7956 )
( 07 , 39 , 5053 )
( 07 , 41 , 1665 )
( 07 , 42 , 1524 )
( 07 , 45 , 208 )
( 07 , 48 , 4210 )
( 08 , 10 , 7643 )
( 08 , 11 , 7289 )
( 08 , 12 , 8471 )
( 08 , 13 , 5313 )
( 08 , 14 , 2340 )
( 08 , 15 , 2861 )
( 08 , 17 , 7914 )
( 08 , 19 , 5931 )
( 08 , 20 , 3021 )
( 08 , 26 , 8681 )
( 08 , 31 , 1447 )
( 08 , 32 , 5969 )
( 08 , 33 , 8870 )
( 08 , 35 , 7108 )
( 08 , 39 , 7504 )
( 08 , 40 , 5330 )
( 08 , 41 , 6518 )
( 08 , 43 , 7807 )
( 08 , 44 , 5921 )
( 08 , 45 , 4253 )
( 08 , 47 , 1241 )
( 08 , 48 , 846 )
( 08 , 49 , 1021 )
( 09 , 11 , 7314 )
( 09 , 12 , 3696 )
( 09 , 14 , 6391 )
( 09 , 15 , 7298 )
( 09 , 16 , 807 )
( 09 , 18 , 2513 )
( 09 , 19 , 3307 )
( 09 , 22 , 3161 )
( 09 , 23 , 1739 )
( 09 , 25 , 2980 )
( 09 , 26 , 2108 )
( 09 , 33 , 662 )
( 09 , 34 , 1073 )
( 09 , 40 , 1409 )
( 09 , 41 , 661 )
( 09 , 42 , 2283 )
( 09 , 43 , 2202 )
( 09 , 44 , 3444 )
( 09 , 46 , 1058 )
( 09 , 47 , 8308 )
( 09 , 48 , 4500 )
( 09 , 49 , 271 )
( 09 , 50 , 8898 )
( 10 , 12 , 5912 )
( 10 , 13 , 5544 )
( 10 , 14 , 5779 )
( 10 , 16 , 8310 )
( 10 , 17 , 469 )
( 10 , 18 , 7187 )
( 10 , 21 , 3739 )
( 10 , 23 , 4032 )
( 10 , 24 , 3617 )
( 10 , 27 , 8157 )
( 10 , 28 , 3406 )
( 10 , 29 , 4983 )
( 10 , 33 , 7956 )
( 10 , 34 , 4285 )
( 10 , 35 , 5625 )
( 10 , 36 , 4750 )
( 10 , 39 , 3983 )
( 10 , 40 , 1052 )
( 10 , 41 , 1727 )
( 10 , 47 , 363 )
( 11 , 13 , 8220 )
( 11 , 14 , 3688 )
( 11 , 18 , 101 )
( 11 , 21 , 4677 )
( 11 , 25 , 6898 )
( 11 , 30 , 7738 )
( 11 , 33 , 4286 )
( 11 , 34 , 4575 )
( 11 , 35 , 4531 )
( 11 , 37 , 4571 )
( 11 , 39 , 1177 )
( 11 , 40 , 4399 )
( 11 , 46 , 3098 )
( 11 , 47 , 1051 )
( 11 , 48 , 7462 )
( 11 , 50 , 2371 )
( 12 , 15 , 104 )
( 12 , 16 , 744 )
( 12 , 18 , 1627 )
( 12 , 22 , 547 )
( 12 , 23 , 9289 )
( 12 , 25 , 1542 )
( 12 , 26 , 5221 )
( 12 , 27 , 1055 )
( 12 , 28 , 8885 )
( 12 , 30 , 2700 )
( 12 , 33 , 5669 )
( 12 , 34 , 7724 )
( 12 , 37 , 6804 )
( 12 , 40 , 796 )
( 12 , 41 , 332 )
( 12 , 42 , 9079 )
( 12 , 44 , 6215 )
( 12 , 45 , 5896 )
( 12 , 48 , 6108 )
( 12 , 49 , 5409 )
( 13 , 14 , 5427 )
( 13 , 15 , 5637 )
( 13 , 20 , 4534 )
( 13 , 21 , 807 )
( 13 , 24 , 9037 )
( 13 , 28 , 1941 )
( 13 , 32 , 9810 )
( 13 , 36 , 250 )
( 13 , 37 , 1976 )
( 13 , 39 , 9425 )
( 13 , 40 , 3592 )
( 13 , 43 , 2672 )
( 13 , 45 , 3330 )
( 13 , 46 , 7201 )
( 13 , 48 , 1669 )
( 13 , 49 , 3017 )
( 13 , 50 , 3873 )
( 14 , 19 , 7711 )
( 14 , 20 , 4710 )
( 14 , 22 , 6869 )
( 14 , 23 , 9000 )
( 14 , 24 , 6127 )
( 14 , 28 , 460 )
( 14 , 29 , 353 )
( 14 , 30 , 8674 )
( 14 , 32 , 6695 )
( 14 , 33 , 9034 )
( 14 , 34 , 7940 )
( 14 , 35 , 5279 )
( 14 , 37 , 6090 )
( 14 , 39 , 7152 )
( 14 , 40 , 5408 )
( 14 , 42 , 761 )
( 14 , 43 , 303 )
( 14 , 44 , 636 )
( 14 , 45 , 9431 )
( 14 , 47 , 6137 )
( 14 , 49 , 9866 )
( 14 , 50 , 4104 )
( 15 , 16 , 7440 )
( 15 , 18 , 3680 )
( 15 , 21 , 3577 )
( 15 , 22 , 6803 )
( 15 , 24 , 8563 )
( 15 , 32 , 3868 )
( 15 , 34 , 6357 )
( 15 , 38 , 8222 )
( 15 , 39 , 476 )
( 15 , 42 , 7917 )
( 15 , 43 , 5126 )
( 15 , 44 , 9178 )
( 15 , 45 , 1281 )
( 15 , 47 , 8736 )
( 15 , 49 , 6541 )
( 15 , 50 , 605 )
( 16 , 18 , 825 )
( 16 , 19 , 3107 )
( 16 , 21 , 873 )
( 16 , 24 , 2618 )
( 16 , 25 , 9526 )
( 16 , 27 , 3795 )
( 16 , 30 , 171 )
( 16 , 31 , 9275 )
( 16 , 32 , 5181 )
( 16 , 33 , 5997 )
( 16 , 36 , 1011 )
( 16 , 37 , 9874 )
( 16 , 40 , 5371 )
( 16 , 41 , 206 )
( 16 , 42 , 4318 )
( 16 , 43 , 451 )
( 16 , 44 , 5180 )
( 16 , 47 , 1500 )
( 16 , 48 , 3322 )
( 16 , 49 , 3005 )
( 17 , 22 , 571 )
( 17 , 23 , 9604 )
( 17 , 28 , 9516 )
( 17 , 36 , 8308 )
( 17 , 37 , 5008 )
( 17 , 41 , 2458 )
( 17 , 42 , 1438 )
( 17 , 43 , 3297 )
( 17 , 47 , 1545 )
( 17 , 49 , 5690 )
( 18 , 19 , 5206 )
( 18 , 20 , 4563 )
( 18 , 21 , 199 )
( 18 , 22 , 356 )
( 18 , 25 , 9744 )
( 18 , 27 , 9197 )
( 18 , 28 , 9009 )
( 18 , 29 , 1121 )
( 18 , 30 , 5003 )
( 18 , 31 , 7841 )
( 18 , 32 , 8286 )
( 18 , 33 , 4841 )
( 18 , 35 , 531 )
( 18 , 36 , 3812 )
( 18 , 37 , 9856 )
( 18 , 41 , 8650 )
( 18 , 44 , 3816 )
( 18 , 45 , 8492 )
( 18 , 46 , 9185 )
( 18 , 47 , 1020 )
( 18 , 50 , 7429 )
( 19 , 22 , 3161 )
( 19 , 23 , 9737 )
( 19 , 24 , 4693 )
( 19 , 25 , 5070 )
( 19 , 29 , 4383 )
( 19 , 31 , 8455 )
( 19 , 33 , 2271 )
( 19 , 34 , 5887 )
( 19 , 36 , 9740 )
( 19 , 37 , 8126 )
( 19 , 39 , 5555 )
( 19 , 41 , 7622 )
( 19 , 45 , 5913 )
( 19 , 46 , 4727 )
( 19 , 47 , 8863 )
( 19 , 48 , 7774 )
( 19 , 50 , 7854 )
( 20 , 21 , 8701 )
( 20 , 22 , 6677 )
( 20 , 24 , 8314 )
( 20 , 25 , 7228 )
( 20 , 26 , 4225 )
( 20 , 27 , 8709 )
( 20 , 29 , 9415 )
( 20 , 30 , 1259 )
( 20 , 32 , 917 )
( 20 , 34 , 5644 )
( 20 , 35 , 865 )
( 20 , 36 , 9724 )
( 20 , 37 , 7339 )
( 20 , 38 , 4869 )
( 20 , 39 , 5532 )
( 20 , 41 , 3020 )
( 20 , 45 , 7347 )
( 20 , 46 , 4948 )
( 20 , 47 , 7081 )
( 20 , 50 , 7702 )
( 21 , 22 , 1962 )
( 21 , 26 , 6622 )
( 21 , 27 , 2276 )
( 21 , 29 , 6207 )
( 21 , 30 , 211 )
( 21 , 32 , 3586 )
( 21 , 33 , 8769 )
( 21 , 37 , 1934 )
( 21 , 38 , 7536 )
( 21 , 39 , 672 )
( 21 , 45 , 4283 )
( 21 , 48 , 6461 )
( 21 , 49 , 7048 )
( 22 , 23 , 1707 )
( 22 , 24 , 809 )
( 22 , 27 , 3033 )
( 22 , 29 , 8041 )
( 22 , 30 , 1567 )
( 22 , 31 , 5435 )
( 22 , 32 , 5023 )
( 22 , 33 , 3348 )
( 22 , 35 , 5371 )
( 22 , 36 , 2071 )
( 22 , 37 , 2962 )
( 22 , 39 , 9473 )
( 22 , 40 , 4799 )
( 22 , 42 , 1994 )
( 22 , 43 , 5052 )
( 22 , 44 , 1273 )
( 22 , 45 , 267 )
( 22 , 46 , 2478 )
( 22 , 48 , 6829 )
( 23 , 24 , 6512 )
( 23 , 26 , 7947 )
( 23 , 27 , 9386 )
( 23 , 28 , 2186 )
( 23 , 29 , 2051 )
( 23 , 31 , 1132 )
( 23 , 33 , 8272 )
( 23 , 35 , 9676 )
( 23 , 36 , 7343 )
( 23 , 37 , 8894 )
( 23 , 38 , 6592 )
( 23 , 45 , 5593 )
( 23 , 47 , 6426 )
( 23 , 48 , 4197 )
( 23 , 49 , 4017 )
( 24 , 26 , 85 )
( 24 , 27 , 5261 )
( 24 , 28 , 1022 )
( 24 , 29 , 4386 )
( 24 , 30 , 5026 )
( 24 , 31 , 1246 )
( 24 , 34 , 6701 )
( 24 , 35 , 1675 )
( 24 , 36 , 9194 )
( 24 , 37 , 1482 )
( 24 , 40 , 442 )
( 24 , 42 , 4459 )
( 24 , 46 , 2064 )
( 24 , 49 , 2299 )
( 25 , 29 , 3304 )
( 25 , 31 , 5 )
( 25 , 32 , 9372 )
( 25 , 33 , 1125 )
( 25 , 34 , 7376 )
( 25 , 35 , 308 )
( 25 , 37 , 3887 )
( 25 , 40 , 1401 )
( 25 , 41 , 5388 )
( 25 , 44 , 9256 )
( 25 , 46 , 1047 )
( 25 , 48 , 4084 )
( 25 , 49 , 8062 )
( 26 , 27 , 9993 )
( 26 , 31 , 6735 )
( 26 , 32 , 5092 )
( 26 , 33 , 3116 )
( 26 , 34 , 9232 )
( 26 , 37 , 3830 )
( 26 , 39 , 1656 )
( 26 , 40 , 6058 )
( 26 , 41 , 9692 )
( 26 , 42 , 1936 )
( 26 , 45 , 1454 )
( 26 , 48 , 5885 )
( 26 , 50 , 669 )
( 27 , 28 , 2637 )
( 27 , 29 , 9676 )
( 27 , 33 , 1898 )
( 27 , 34 , 2907 )
( 27 , 40 , 3991 )
( 27 , 41 , 986 )
( 27 , 42 , 6105 )
( 27 , 43 , 5190 )
( 27 , 44 , 8888 )
( 27 , 45 , 370 )
( 27 , 47 , 7391 )
( 27 , 49 , 5856 )
( 27 , 50 , 6650 )
( 28 , 29 , 9698 )
( 28 , 31 , 1943 )
( 28 , 34 , 5902 )
( 28 , 36 , 1303 )
( 28 , 37 , 4660 )
( 28 , 38 , 8021 )
( 28 , 40 , 3211 )
( 28 , 46 , 5715 )
( 28 , 47 , 2654 )
( 28 , 48 , 6568 )
( 28 , 50 , 6266 )
( 29 , 30 , 9125 )
( 29 , 31 , 6370 )
( 29 , 32 , 9199 )
( 29 , 33 , 2709 )
( 29 , 34 , 9928 )
( 29 , 39 , 3592 )
( 29 , 40 , 5028 )
( 29 , 41 , 3484 )
( 29 , 42 , 7574 )
( 29 , 43 , 9068 )
( 29 , 44 , 599 )
( 29 , 45 , 6272 )
( 29 , 46 , 1863 )
( 29 , 49 , 7099 )
( 29 , 50 , 9756 )
( 30 , 31 , 8987 )
( 30 , 32 , 4299 )
( 30 , 33 , 2164 )
( 30 , 35 , 9884 )
( 30 , 36 , 3780 )
( 30 , 37 , 5412 )
( 30 , 39 , 8765 )
( 30 , 44 , 8472 )
( 30 , 47 , 2781 )
( 31 , 34 , 7850 )
( 31 , 36 , 3117 )
( 31 , 38 , 3305 )
( 31 , 39 , 526 )
( 31 , 43 , 1525 )
( 31 , 44 , 1690 )
( 31 , 45 , 2536 )
( 31 , 50 , 400 )
( 32 , 33 , 9624 )
( 32 , 34 , 4916 )
( 32 , 36 , 3800 )
( 32 , 37 , 6223 )
( 32 , 39 , 3694 )
( 32 , 42 , 4002 )
( 32 , 43 , 8275 )
( 32 , 47 , 4369 )
( 32 , 50 , 1946 )
( 33 , 34 , 5932 )
( 33 , 37 , 5398 )
( 33 , 38 , 5885 )
( 33 , 40 , 9685 )
( 33 , 41 , 5567 )
( 33 , 44 , 2847 )
( 33 , 45 , 3015 )
( 33 , 46 , 393 )
( 33 , 48 , 3071 )
( 33 , 49 , 4138 )
( 34 , 35 , 7670 )
( 34 , 39 , 495 )
( 34 , 42 , 988 )
( 34 , 43 , 2482 )
( 34 , 44 , 5349 )
( 34 , 47 , 1436 )
( 34 , 49 , 9280 )
( 34 , 50 , 769 )
( 35 , 37 , 263 )
( 35 , 38 , 2317 )
( 35 , 39 , 6537 )
( 35 , 41 , 3063 )
( 35 , 42 , 3340 )
( 35 , 44 , 2254 )
( 35 , 46 , 3242 )
( 35 , 48 , 7222 )
( 35 , 49 , 3150 )
( 35 , 50 , 3738 )
( 36 , 38 , 7658 )
( 36 , 39 , 5513 )
( 36 , 40 , 9891 )
( 36 , 41 , 5043 )
( 36 , 48 , 3963 )
( 36 , 50 , 625 )
( 37 , 39 , 5884 )
( 37 , 41 , 3625 )
( 37 , 43 , 6775 )
( 37 , 44 , 9482 )
( 37 , 45 , 739 )
( 37 , 46 , 4284 )
( 37 , 47 , 8271 )
( 37 , 49 , 3314 )
( 37 , 50 , 5697 )
( 38 , 42 , 3629 )
( 38 , 45 , 4435 )
( 38 , 46 , 2556 )
( 38 , 47 , 3763 )
( 38 , 48 , 296 )
( 39 , 40 , 2852 )
( 39 , 41 , 7490 )
( 39 , 42 , 7057 )
( 39 , 44 , 5328 )
( 39 , 47 , 5466 )
( 40 , 41 , 1085 )
( 40 , 42 , 1245 )
( 40 , 45 , 2684 )
( 40 , 49 , 8999 )
( 41 , 42 , 8775 )
( 41 , 43 , 3122 )
( 41 , 46 , 744 )
( 41 , 47 , 5508 )
( 41 , 48 , 3132 )
( 42 , 43 , 8257 )
( 42 , 44 , 8156 )
( 42 , 45 , 5861 )
( 42 , 46 , 7672 )
( 42 , 49 , 2983 )
( 42 , 50 , 5859 )
( 43 , 47 , 4263 )
( 44 , 46 , 3976 )
( 44 , 48 , 3375 )
( 44 , 50 , 8240 )
( 45 , 46 , 4641 )
( 45 , 48 , 336 )
( 45 , 50 , 8008 )
( 46 , 47 , 5046 )
( 46 , 48 , 4657 )
( 46 , 50 , 9467 )
( 47 , 50 , 1285 )
( 48 , 50 , 869 )
